    0.0469000
     0.270000
     0.700000
     0.950000
     0.820000
   1.5484542e-05   1.0000000e-12
   1.5826898e-05   1.0232930e-12
   1.6176671e-05   1.0471285e-12
   1.6534743e-05   1.0715193e-12
   1.6900332e-05   1.0964782e-12
   1.7273762e-05   1.1220185e-12
   1.7655893e-05   1.1481536e-12
   1.8046487e-05   1.1748976e-12
   1.8445839e-05   1.2022644e-12
   1.8853700e-05   1.2302688e-12
   1.9270356e-05   1.2589254e-12
   1.9696641e-05   1.2882495e-12
   2.0132282e-05   1.3182567e-12
   2.0577549e-05   1.3489629e-12
   2.1032703e-05   1.3803843e-12
   2.1497459e-05   1.4125375e-12
   2.1973154e-05   1.4454398e-12
   2.2458937e-05   1.4791084e-12
   2.2955592e-05   1.5135612e-12
   2.3463343e-05   1.5488166e-12
   2.3982408e-05   1.5848932e-12
   2.4513001e-05   1.6218101e-12
   2.5054784e-05   1.6595869e-12
   2.5609035e-05   1.6982436e-12
   2.6175398e-05   1.7378008e-12
   2.6754056e-05   1.7782794e-12
   2.7345715e-05   1.8197008e-12
   2.7950538e-05   1.8620871e-12
   2.8568678e-05   1.9054607e-12
   2.9200815e-05   1.9498446e-12
   2.9846546e-05   1.9952623e-12
   3.0506531e-05   2.0417379e-12
   3.1181422e-05   2.0892961e-12
   3.1870786e-05   2.1379621e-12
   3.2575790e-05   2.1877616e-12
   3.3295986e-05   2.2387211e-12
   3.4032510e-05   2.2908676e-12
   3.4784891e-05   2.3442288e-12
   3.5554251e-05   2.3988329e-12
   3.6340625e-05   2.4547089e-12
   3.7144047e-05   2.5118864e-12
   3.7965594e-05   2.5703957e-12
   3.8805269e-05   2.6302679e-12
   3.9663595e-05   2.6915347e-12
   4.0540555e-05   2.7542286e-12
   4.1437172e-05   2.8183829e-12
   4.2353928e-05   2.8840314e-12
   4.3290238e-05   2.9512092e-12
   4.4247608e-05   3.0199516e-12
   4.5226479e-05   3.0902954e-12
   4.6226753e-05   3.1622776e-12
   4.7248839e-05   3.2359365e-12
   4.8293652e-05   3.3113111e-12
   4.9362101e-05   3.3884415e-12
   5.0453502e-05   3.4673684e-12
   5.1569245e-05   3.5481338e-12
   5.2709656e-05   3.6307804e-12
   5.3875578e-05   3.7153522e-12
   5.5067303e-05   3.8018938e-12
   5.6285109e-05   3.8904513e-12
   5.7529774e-05   3.9810716e-12
   5.8802063e-05   4.0738027e-12
   6.0102713e-05   4.1686937e-12
   6.1431412e-05   4.2657950e-12
   6.2790416e-05   4.3651582e-12
   6.4178850e-05   4.4668358e-12
   6.5598411e-05   4.5708817e-12
   6.7049215e-05   4.6773513e-12
   6.8531888e-05   4.7863008e-12
   7.0047536e-05   4.8977880e-12
   7.1596718e-05   5.0118722e-12
   7.3180003e-05   5.1286137e-12
   7.4798409e-05   5.2480744e-12
   7.6452452e-05   5.3703178e-12
   7.8143617e-05   5.4954085e-12
   7.9871337e-05   5.6234130e-12
   8.1638085e-05   5.7543991e-12
   8.3443229e-05   5.8884363e-12
   8.5288681e-05   6.0255956e-12
   8.7175278e-05   6.1659498e-12
   8.9102839e-05   6.3095732e-12
   9.1073678e-05   6.4565420e-12
   9.3087554e-05   6.6069342e-12
   9.5146206e-05   6.7608295e-12
   9.7250348e-05   6.9183094e-12
   9.9401150e-05   7.0794575e-12
   0.00010159975   7.2443593e-12
   0.00010384678   7.4131021e-12
   0.00010614330   7.5857754e-12
   0.00010849086   7.7624708e-12
   0.00011088997   7.9432820e-12
   0.00011334259   8.1283048e-12
   0.00011584918   8.3176373e-12
   0.00011841112   8.5113800e-12
   0.00012102977   8.7096355e-12
   0.00012370646   8.9125089e-12
   0.00012644245   9.1201079e-12
   0.00012923850   9.3325425e-12
   0.00013209679   9.5499254e-12
   0.00013501797   9.7723717e-12
   0.00013800415   9.9999995e-12
   0.00014105640   1.0232929e-11
   0.00014417572   1.0471285e-11
   0.00014736407   1.0715192e-11
   0.00015062340   1.0964781e-11
   0.00015395453   1.1220184e-11
   0.00015735930   1.1481536e-11
   0.00016083948   1.1748975e-11
   0.00016439628   1.2022644e-11
   0.00016803230   1.2302687e-11
   0.00017174821   1.2589253e-11
   0.00017554651   1.2882495e-11
   0.00017942867   1.3182567e-11
   0.00018339712   1.3489628e-11
   0.00018745272   1.3803842e-11
   0.00019159874   1.4125375e-11
   0.00019583594   1.4454397e-11
   0.00020016695   1.4791083e-11
   0.00020459386   1.5135612e-11
   0.00020911823   1.5488165e-11
   0.00021374297   1.5848931e-11
   0.00021847044   1.6218100e-11
   0.00022330198   1.6595868e-11
   0.00022824029   1.6982435e-11
   0.00023328801   1.7378007e-11
   0.00023844722   1.7782793e-11
   0.00024372039   1.8197007e-11
   0.00024911040   1.8620870e-11
   0.00025462007   1.9054606e-11
   0.00026025111   1.9498445e-11
   0.00026600668   1.9952622e-11
   0.00027188926   2.0417378e-11
   0.00027790232   2.0892960e-11
   0.00028404820   2.1379619e-11
   0.00029033015   2.1877615e-11
   0.00029675078   2.2387210e-11
   0.00030331363   2.2908675e-11
   0.00031002163   2.3442287e-11
   0.00031687808   2.3988327e-11
   0.00032388617   2.4547087e-11
   0.00033104903   2.5118863e-11
   0.00033837013   2.5703956e-11
   0.00034585374   2.6302678e-11
   0.00035350217   2.6915346e-11
   0.00036131995   2.7542285e-11
   0.00036931108   2.8183827e-11
   0.00037747837   2.8840313e-11
   0.00038582651   2.9512090e-11
   0.00039435958   3.0199515e-11
   0.00040308098   3.0902952e-11
   0.00041199545   3.1622774e-11
   0.00042110664   3.2359363e-11
   0.00043041998   3.3113110e-11
   0.00043993880   3.3884413e-11
   0.00044966824   3.4673682e-11
   0.00045961275   3.5481336e-11
   0.00046977765   3.6307803e-11
   0.00048016707   3.7153520e-11
   0.00049078604   3.8018937e-11
   0.00050164020   3.8904511e-11
   0.00051273423   3.9810714e-11
   0.00052407349   4.0738024e-11
   0.00053566368   4.1686935e-11
   0.00054751040   4.2657948e-11
   0.00055961881   4.3651580e-11
   0.00057199510   4.4668355e-11
   0.00058464508   4.5708815e-11
   0.00059757452   4.6773510e-11
   0.00061079022   4.7863005e-11
   0.00062429841   4.8977878e-11
   0.00063810509   5.0118719e-11
   0.00065221702   5.1286134e-11
   0.00066664111   5.2480741e-11
   0.00068138452   5.3703175e-11
   0.00069645344   5.4954082e-11
   0.00071185589   5.6234127e-11
   0.00072759931   5.7543989e-11
   0.00074369041   5.8884360e-11
   0.00076013751   6.0255953e-11
   0.00077694823   6.1659495e-11
   0.00079413125   6.3095729e-11
   0.00081169372   6.4565417e-11
   0.00082964462   6.6069339e-11
   0.00084799284   6.7608291e-11
   0.00086674688   6.9183091e-11
   0.00088591548   7.0794572e-11
   0.00090550788   7.2443589e-11
   0.00092553365   7.4131017e-11
   0.00094600226   7.5857750e-11
   0.00096692354   7.7624704e-11
   0.00098830787   7.9432816e-11
    0.0010101647   8.1283044e-11
    0.0010325051   8.3176369e-11
    0.0010553394   8.5113795e-11
    0.0010786790   8.7096350e-11
    0.0011025345   8.9125085e-11
    0.0011269178   9.1201075e-11
    0.0011518402   9.3325421e-11
    0.0011773139   9.5499249e-11
    0.0012033507   9.7723712e-11
    0.0012299634   9.9999990e-11
    0.0012571648   1.0232929e-10
    0.0012849675   1.0471284e-10
    0.0013133856   1.0715192e-10
    0.0013424315   1.0964781e-10
    0.0013721203   1.1220183e-10
    0.0014024655   1.1481535e-10
    0.0014334817   1.1748974e-10
    0.0014651843   1.2022643e-10
    0.0014975874   1.2302686e-10
    0.0015307076   1.2589253e-10
    0.0015645599   1.2882494e-10
    0.0015991611   1.3182566e-10
    0.0016345272   1.3489627e-10
    0.0016706759   1.3803841e-10
    0.0017076238   1.4125374e-10
    0.0017453888   1.4454396e-10
    0.0017839890   1.4791082e-10
    0.0018234431   1.5135611e-10
    0.0018637695   1.5488164e-10
    0.0019049880   1.5848930e-10
    0.0019471176   1.6218099e-10
    0.0019901793   1.6595867e-10
    0.0020341934   1.6982435e-10
    0.0020791804   1.7378006e-10
    0.0021251626   1.7782792e-10
    0.0021721621   1.8197006e-10
    0.0022202006   1.8620869e-10
    0.0022693016   1.9054605e-10
    0.0023194884   1.9498444e-10
    0.0023707852   1.9952621e-10
    0.0024232161   2.0417377e-10
    0.0024768072   2.0892959e-10
    0.0025315830   2.1379618e-10
    0.0025875706   2.1877614e-10
    0.0026447959   2.2387209e-10
    0.0027032874   2.2908674e-10
    0.0027630720   2.3442285e-10
    0.0028241789   2.3988326e-10
    0.0028866369   2.4547086e-10
    0.0029504765   2.5118861e-10
    0.0030157282   2.5703955e-10
    0.0030824228   2.6302677e-10
    0.0031505923   2.6915345e-10
    0.0032202692   2.7542284e-10
    0.0032914872   2.8183826e-10
    0.0033642803   2.8840311e-10
    0.0034386835   2.9512089e-10
    0.0035147318   3.0199513e-10
    0.0035924620   3.0902950e-10
    0.0036719113   3.1622773e-10
    0.0037531175   3.2359362e-10
    0.0038361200   3.3113108e-10
    0.0039209579   3.3884411e-10
    0.0040076720   3.4673681e-10
    0.0040963041   3.5481334e-10
    0.0041868961   3.6307801e-10
    0.0042794915   3.7153518e-10
    0.0043741353   3.8018935e-10
    0.0044708713   3.8904509e-10
    0.0045697475   3.9810712e-10
    0.0046708095   4.0738022e-10
    0.0047741076   4.1686933e-10
    0.0048796893   4.2657946e-10
    0.0049876063   4.3651577e-10
    0.0050979103   4.4668353e-10
    0.0052106534   4.5708813e-10
    0.0053258897   4.6773508e-10
    0.0054436750   4.7863003e-10
    0.0055640647   4.8977875e-10
    0.0056871171   5.0118716e-10
    0.0058128913   5.1286131e-10
    0.0059414464   5.2480739e-10
    0.0060728448   5.3703172e-10
    0.0062071490   5.4954080e-10
    0.0063444236   5.6234125e-10
    0.0064847339   5.7543986e-10
    0.0066281473   5.8884357e-10
    0.0067747328   6.0255950e-10
    0.0069245598   6.1659491e-10
    0.0070777000   6.3095725e-10
    0.0072342274   6.4565414e-10
    0.0073942165   6.6069335e-10
    0.0075577437   6.7608288e-10
    0.0077248877   6.9183087e-10
    0.0078957276   7.0794568e-10
    0.0080703460   7.2443585e-10
    0.0082488265   7.4131013e-10
    0.0084312540   7.5857746e-10
    0.0086177159   7.7624700e-10
    0.0088083008   7.9432812e-10
    0.0090031018   8.1283039e-10
    0.0092022102   8.3176365e-10
    0.0094057228   8.5113791e-10
    0.0096137356   8.7096346e-10
    0.0098263482   8.9125080e-10
     0.010043664   9.1201070e-10
     0.010265784   9.3325416e-10
     0.010492818   9.5499244e-10
     0.010724873   9.7723707e-10
     0.010962060   9.9999985e-10
     0.011204491   1.0232928e-09
     0.011452285   1.0471284e-09
     0.011705559   1.0715191e-09
     0.011964434   1.0964780e-09
     0.012229034   1.1220183e-09
     0.012499486   1.1481534e-09
     0.012775919   1.1748974e-09
     0.013058466   1.2022642e-09
     0.013347261   1.2302686e-09
     0.013642443   1.2589252e-09
     0.013944154   1.2882493e-09
     0.014252536   1.3182565e-09
     0.014567739   1.3489627e-09
     0.014889913   1.3803840e-09
     0.015219212   1.4125373e-09
     0.015555792   1.4454395e-09
     0.015899818   1.4791081e-09
     0.016251450   1.5135610e-09
     0.016610861   1.5488164e-09
     0.016978219   1.5848929e-09
     0.017353702   1.6218098e-09
     0.017737489   1.6595866e-09
     0.018129764   1.6982434e-09
     0.018530713   1.7378005e-09
     0.018940531   1.7782791e-09
     0.019359412   1.8197006e-09
     0.019787556   1.8620868e-09
     0.020225167   1.9054604e-09
     0.020672459   1.9498443e-09
     0.021129642   1.9952620e-09
     0.021596937   2.0417376e-09
     0.022074563   2.0892958e-09
     0.022562755   2.1379617e-09
     0.023061743   2.1877612e-09
     0.023571767   2.2387208e-09
     0.024093069   2.2908673e-09
     0.024625901   2.3442284e-09
     0.025170516   2.3988325e-09
     0.025727177   2.4547085e-09
     0.026296148   2.5118860e-09
     0.026877701   2.5703953e-09
     0.027472118   2.6302675e-09
     0.028079677   2.6915343e-09
     0.028700676   2.7542282e-09
     0.029335408   2.8183824e-09
     0.029984176   2.8840310e-09
     0.030647293   2.9512087e-09
     0.031325076   3.0199512e-09
     0.032017846   3.0902949e-09
     0.032725938   3.1622771e-09
     0.033449691   3.2359360e-09
     0.034189451   3.3113106e-09
     0.034945570   3.3884409e-09
     0.035718411   3.4673679e-09
     0.036508340   3.5481332e-09
     0.037315745   3.6307799e-09
     0.038141005   3.7153516e-09
     0.038984515   3.8018933e-09
     0.039846677   3.8904507e-09
     0.040727910   3.9810710e-09
     0.041628629   4.0738020e-09
     0.042549271   4.1686931e-09
     0.043490272   4.2657944e-09
     0.044452082   4.3651575e-09
     0.045435164   4.4668351e-09
     0.046439987   4.5708810e-09
     0.047467034   4.6773505e-09
     0.048516795   4.7863000e-09
     0.049589772   4.8977873e-09
     0.050686475   5.0118714e-09
     0.051807437   5.1286129e-09
     0.052953187   5.2480736e-09
     0.054124273   5.3703169e-09
     0.055321265   5.4954077e-09
     0.056544725   5.6234122e-09
     0.057795241   5.7543983e-09
     0.059073415   5.8884354e-09
     0.060379855   6.0255947e-09
     0.061715193   6.1659488e-09
     0.063080058   6.3095722e-09
     0.064475104   6.4565410e-09
     0.065901011   6.6069332e-09
     0.067358449   6.7608284e-09
     0.068848118   6.9183083e-09
     0.070370734   7.0794564e-09
     0.071927018   7.2443582e-09
     0.073517725   7.4131009e-09
     0.075143613   7.5857742e-09
     0.076805457   7.7624696e-09
     0.078504048   7.9432808e-09
     0.080240212   8.1283035e-09
     0.082014769   8.3176360e-09
     0.083828568   8.5113787e-09
     0.085682482   8.7096341e-09
     0.087577403   8.9125076e-09
     0.089514226   9.1201065e-09
     0.091493882   9.3325411e-09
     0.093517318   9.5499239e-09
     0.095585503   9.7723702e-09
     0.097699434   9.9999979e-09
     0.099860109   1.0232928e-08
      0.10206857   1.0471283e-08
      0.10432588   1.0715191e-08
      0.10663310   1.0964780e-08
      0.10899135   1.1220182e-08
      0.11140175   1.1481534e-08
      0.11386546   1.1748973e-08
      0.11638366   1.2022642e-08
      0.11895755   1.2302685e-08
      0.12158836   1.2589251e-08
      0.12427735   1.2882493e-08
      0.12702581   1.3182565e-08
      0.12983507   1.3489626e-08
      0.13270643   1.3803840e-08
      0.13564132   1.4125372e-08
      0.13864110   1.4454395e-08
      0.14170723   1.4791081e-08
      0.14484115   1.5135609e-08
      0.14804439   1.5488163e-08
      0.15131848   1.5848928e-08
      0.15466498   1.6218097e-08
      0.15808548   1.6595865e-08
      0.16158162   1.6982433e-08
      0.16515508   1.7378004e-08
      0.16880758   1.7782790e-08
      0.17254086   1.8197005e-08
      0.17635669   1.8620867e-08
      0.18025692   1.9054603e-08
      0.18424340   1.9498442e-08
      0.18831804   1.9952619e-08
      0.19248280   2.0417375e-08
      0.19673966   2.0892957e-08
      0.20109066   2.1379616e-08
      0.20553790   2.1877611e-08
      0.21008348   2.2387206e-08
      0.21472959   2.2908671e-08
      0.21947846   2.3442283e-08
      0.22433233   2.3988324e-08
      0.22929357   2.4547084e-08
      0.23436452   2.5118859e-08
      0.23954763   2.5703952e-08
      0.24484535   2.6302674e-08
      0.25026023   2.6915342e-08
      0.25579488   2.7542281e-08
      0.26145193   2.8183823e-08
      0.26723409   2.8840308e-08
      0.27314410   2.9512085e-08
      0.27918482   3.0199510e-08
      0.28535914   3.0902947e-08
      0.29167002   3.1622769e-08
      0.29812047   3.2359358e-08
      0.30471358   3.3113104e-08
      0.31145248   3.3884408e-08
      0.31834042   3.4673677e-08
      0.32538068   3.5481331e-08
      0.33257666   3.6307797e-08
      0.33993176   3.7153514e-08
      0.34744954   3.8018931e-08
      0.35513356   3.8904505e-08
      0.36298755   3.9810708e-08
      0.37101522   4.0738018e-08
      0.37922040   4.1686928e-08
      0.38760707   4.2657942e-08
      0.39617920   4.3651573e-08
      0.40494093   4.4668349e-08
      0.41389641   4.5708808e-08
      0.42304996   4.6773503e-08
      0.43240592   4.7862998e-08
      0.44196883   4.8977870e-08
      0.45174319   5.0118711e-08
      0.46173373   5.1286126e-08
      0.47194523   5.2480733e-08
      0.48238254   5.3703167e-08
      0.49305069   5.4954074e-08
      0.50395477   5.6234119e-08
      0.51510000   5.7543980e-08
      0.52649170   5.8884351e-08
      0.53813535   6.0255944e-08
      0.55003649   6.1659485e-08
      0.56220084   6.3095719e-08
      0.57463419   6.4565407e-08
      0.58734256   6.6069328e-08
      0.60033190   6.7608281e-08
      0.61360860   6.9183080e-08
      0.62717885   7.0794561e-08
      0.64104927   7.2443578e-08
      0.65522641   7.4131006e-08
      0.66971707   7.5857738e-08
      0.68452817   7.7624692e-08
      0.69966692   7.9432803e-08
      0.71514040   8.1283031e-08
      0.73095608   8.3176356e-08
      0.74712157   8.5113782e-08
      0.76364452   8.7096337e-08
      0.78053290   8.9125071e-08
      0.79779482   9.1201061e-08
      0.81543845   9.3325406e-08
      0.83347225   9.5499234e-08
      0.85190493   9.7723697e-08
      0.87074524   9.9999974e-08
      0.89000225   1.0232927e-07
      0.90968508   1.0471283e-07
      0.92980319   1.0715190e-07
      0.95036626   1.0964779e-07
      0.97138411   1.1220182e-07
      0.99286675   1.1481533e-07
       1.0148245   1.1748972e-07
       1.0372678   1.2022641e-07
       1.0602075   1.2302684e-07
       1.0836545   1.2589251e-07
       1.1076201   1.2882492e-07
       1.1321157   1.3182564e-07
       1.1571530   1.3489625e-07
       1.1827439   1.3803839e-07
       1.2089009   1.4125372e-07
       1.2356364   1.4454394e-07
       1.2629631   1.4791080e-07
       1.2908940   1.5135608e-07
       1.3194427   1.5488162e-07
       1.3486229   1.5848928e-07
       1.3784484   1.6218097e-07
       1.4089334   1.6595865e-07
       1.4400926   1.6982432e-07
       1.4719409   1.7378004e-07
       1.5044936   1.7782789e-07
       1.5377662   1.8197004e-07
       1.5717746   1.8620866e-07
       1.6065351   1.9054602e-07
       1.6420643   1.9498441e-07
       1.6783793   1.9952618e-07
       1.7154975   2.0417374e-07
       1.7534364   2.0892956e-07
       1.7922145   2.1379615e-07
       1.8318501   2.1877610e-07
       1.8723623   2.2387205e-07
       1.9137704   2.2908670e-07
       1.9560943   2.3442282e-07
       1.9993541   2.3988323e-07
       2.0435708   2.4547082e-07
       2.0887651   2.5118857e-07
       2.1349590   2.5703951e-07
       2.1821747   2.6302673e-07
       2.2304344   2.6915341e-07
       2.2797613   2.7542279e-07
       2.3301792   2.8183821e-07
       2.3817120   2.8840307e-07
       2.4343846   2.9512084e-07
       2.4882219   3.0199509e-07
       2.5432498   3.0902946e-07
       2.5994949   3.1622768e-07
       2.6569839   3.2359357e-07
       2.7157440   3.3113103e-07
       2.7758036   3.3884406e-07
       2.8371916   3.4673675e-07
       2.8999372   3.5481329e-07
       2.9640703   3.6307795e-07
       3.0296218   3.7153512e-07
       3.0966229   3.8018929e-07
       3.1651058   3.8904503e-07
       3.2351034   3.9810706e-07
       3.3066487   4.0738016e-07
       3.3797765   4.1686926e-07
       3.4545214   4.2657940e-07
       3.5309193   4.3651571e-07
       3.6090066   4.4668346e-07
       3.6888208   4.5708806e-07
       3.7704003   4.6773500e-07
       3.8537838   4.7862995e-07
       3.9390116   4.8977868e-07
       4.0261240   5.0118709e-07
       4.1151628   5.1286123e-07
       4.2061710   5.2480731e-07
       4.2991915   5.3703164e-07
       4.3942695   5.4954071e-07
       4.4914498   5.6234116e-07
       4.5907793   5.7543977e-07
       4.6923056   5.8884348e-07
       4.7960768   6.0255941e-07
       4.9021435   6.1659482e-07
       5.0105553   6.3095716e-07
       5.1213646   6.4565404e-07
       5.2346249   6.6069325e-07
       5.3503895   6.7608277e-07
       5.4687147   6.9183076e-07
       5.5896564   7.0794557e-07
       5.7132726   7.2443574e-07
       5.8396225   7.4131002e-07
       5.9687667   7.5857735e-07
       6.1007667   7.7624688e-07
       6.2356863   7.9432799e-07
       6.3735890   8.1283027e-07
       6.5145416   8.3176352e-07
       6.6586118   8.5113778e-07
       6.8058677   8.7096332e-07
       6.9563799   8.9125067e-07
       7.1102209   9.1201056e-07
       7.2674637   9.3325401e-07
       7.4281840   9.5499229e-07
       7.5924587   9.7723692e-07
       7.7603660   9.9999969e-07
       7.9319868   1.0232927e-06
       8.1074028   1.0471282e-06
       8.2866983   1.0715190e-06
       8.4699583   1.0964779e-06
       8.6572714   1.1220181e-06
       8.8487263   1.1481533e-06
       9.0444155   1.1748972e-06
       9.2444315   1.2022641e-06
       9.4488716   1.2302684e-06
       9.6578321   1.2589250e-06
       9.8714142   1.2882491e-06
       10.089719   1.3182563e-06
       10.312852   1.3489625e-06
       10.540918   1.3803838e-06
       10.774029   1.4125371e-06
       11.012295   1.4454393e-06
       11.255829   1.4791079e-06
       11.504749   1.5135608e-06
       11.759173   1.5488161e-06
       12.019224   1.5848927e-06
       12.285026   1.6218096e-06
       12.556705   1.6595864e-06
       12.834393   1.6982431e-06
       13.118220   1.7378003e-06
       13.408325   1.7782788e-06
       13.704844   1.8197003e-06
       14.007922   1.8620865e-06
       14.317700   1.9054601e-06
       14.634330   1.9498440e-06
       14.957961   1.9952617e-06
       15.288749   2.0417373e-06
       15.626851   2.0892955e-06
       15.972429   2.1379614e-06
       16.325651   2.1877609e-06
       16.686682   2.2387204e-06
       17.055696   2.2908669e-06
       17.432873   2.3442280e-06
       17.818388   2.3988321e-06
       18.212429   2.4547081e-06
       18.615183   2.5118856e-06
       19.026842   2.5703949e-06
       19.447605   2.6302671e-06
       19.877672   2.6915339e-06
       20.317249   2.7542278e-06
       20.766546   2.8183820e-06
       21.225779   2.8840305e-06
       21.695166   2.9512082e-06
       22.174931   3.0199507e-06
       22.665306   3.0902944e-06
       23.166525   3.1622766e-06
       23.678825   3.2359355e-06
       24.202454   3.3113101e-06
       24.737661   3.3884404e-06
       25.284704   3.4673673e-06
       25.843842   3.5481327e-06
       26.415342   3.6307793e-06
       26.999481   3.7153510e-06
       27.596537   3.8018927e-06
       28.206793   3.8904501e-06
       28.830542   3.9810704e-06
       29.468082   4.0738014e-06
       30.119720   4.1686924e-06
       30.785769   4.2657937e-06
       31.466541   4.3651568e-06
       32.162369   4.4668344e-06
       32.873577   4.5708803e-06
       33.600513   4.6773498e-06
       34.343525   4.7862993e-06
       35.102962   4.8977865e-06
       35.879189   5.0118706e-06
       36.672581   5.1286121e-06
       37.483513   5.2480728e-06
       38.312378   5.3703161e-06
       39.159565   5.4954068e-06
       40.025482   5.6234113e-06
       40.910549   5.7543974e-06
       41.815182   5.8884345e-06
       42.739815   6.0255938e-06
       43.684891   6.1659479e-06
       44.650860   6.3095712e-06
       45.638184   6.4565400e-06
       46.647339   6.6069322e-06
       47.678806   6.7608274e-06
       48.733074   6.9183073e-06
       49.810650   7.0794553e-06
       50.912048   7.2443570e-06
       52.037800   7.4130998e-06
       53.188435   7.5857731e-06
       54.364510   7.7624684e-06
       55.566582   7.9432795e-06
       56.795227   8.1283023e-06
       58.051037   8.3176347e-06
       59.334606   8.5113773e-06
       60.646553   8.7096328e-06
       61.987499   8.9125062e-06
       63.358086   9.1201051e-06
       64.758972   9.3325397e-06
       66.190826   9.5499224e-06
       67.654335   9.7723687e-06
       69.150185   9.9999964e-06
       70.679108   1.0232926e-05
       72.241821   1.0471282e-05
       73.839081   1.0715189e-05
       75.471649   1.0964778e-05
       77.140297   1.1220180e-05
       78.845825   1.1481532e-05
       80.589058   1.1748971e-05
       82.370811   1.2022640e-05
       84.191956   1.2302683e-05
       86.053345   1.2589250e-05
       87.955879   1.2882491e-05
       89.900452   1.3182563e-05
       91.888008   1.3489624e-05
       93.919495   1.3803838e-05
       95.995872   1.4125370e-05
       98.118141   1.4454392e-05
       100.28731   1.4791078e-05
       102.50441   1.5135607e-05
       104.77052   1.5488160e-05
       107.08669   1.5848926e-05
       109.45405   1.6218095e-05
       111.87373   1.6595863e-05
       114.34687   1.6982430e-05
       116.87466   1.7378002e-05
       119.45831   1.7782787e-05
       122.09904   1.8197002e-05
       124.79812   1.8620864e-05
       127.55684   1.9054600e-05
       130.37651   1.9498439e-05
       133.25847   1.9952616e-05
       136.20412   2.0417372e-05
       139.21483   2.0892953e-05
       142.29207   2.1379613e-05
       145.43729   2.1877608e-05
       148.65198   2.2387203e-05
       151.93770   2.2908668e-05
       155.29599   2.3442279e-05
       158.72845   2.3988320e-05
       162.23676   2.4547080e-05
       165.82256   2.5118855e-05
       169.48753   2.5703948e-05
       173.23347   2.6302670e-05
       177.06215   2.6915338e-05
       180.97539   2.7542276e-05
       184.97504   2.8183819e-05
       189.06303   2.8840304e-05
       193.24129   2.9512081e-05
       197.51183   3.0199506e-05
       201.87666   3.0902942e-05
       206.33788   3.1622764e-05
       210.89758   3.2359353e-05
       215.55798   3.3113099e-05
       220.32127   3.3884402e-05
       225.18973   3.4673672e-05
       230.16566   3.5481325e-05
       235.25145   3.6307791e-05
       240.44949   3.7153508e-05
       245.76230   3.8018925e-05
       251.19235   3.8904499e-05
       256.74228   3.9810701e-05
       262.41467   4.0738012e-05
       268.21228   4.1686922e-05
       274.13785   4.2657935e-05
       280.19415   4.3651566e-05
       286.38409   4.4668342e-05
       292.71063   4.5708801e-05
       299.17676   4.6773496e-05
       305.78555   4.7862990e-05
       312.54016   4.8977863e-05
       319.44376   5.0118704e-05
       326.49966   5.1286118e-05
       333.71121   5.2480725e-05
       341.08179   5.3703158e-05
       348.61496   5.4954065e-05
       356.31424   5.6234110e-05
       364.18332   5.7543971e-05
       372.22592   5.8884342e-05
       380.44586   6.0255934e-05
       388.84702   6.1659475e-05
       397.43338   6.3095709e-05
       406.20905   6.4565397e-05
       415.17813   6.6069318e-05
       424.34491   6.7608270e-05
       433.71371   6.9183069e-05
       443.28897   7.0794550e-05
       453.07523   7.2443567e-05
       463.07712   7.4130994e-05
       473.29935   7.5857727e-05
       483.74680   7.7624680e-05
       494.42435   7.9432791e-05
       505.33710   8.1283019e-05
       516.49017   8.3176343e-05
       527.88885   8.5113769e-05
       539.53845   8.7096323e-05
       551.44458   8.9125057e-05
       563.61285   9.1201047e-05
       576.04889   9.3325392e-05
       588.75867   9.5499219e-05
       601.74811   9.7723682e-05
       615.02338   9.9999959e-05
       628.59076   0.00010232926
       642.45654   0.00010471281
       656.62732   0.00010715189
       671.10974   0.00010964777
       685.91058   0.00011220180
       701.03687   0.00011481531
       716.49567   0.00011748971
       732.29425   0.00012022639
       748.44006   0.00012302683
       764.94055   0.00012589249
       781.80365   0.00012882490
       799.03711   0.00013182562
       816.64905   0.00013489623
       834.64771   0.00013803837
       853.04150   0.00014125370
       871.83905   0.00014454392
       891.04919   0.00014791078
       910.68079   0.00015135606
       930.74304   0.00015488160
       951.24536   0.00015848925
       972.24353   0.00016218094
       993.74451   0.00016595862
       1015.6662   0.00016982429
       1038.0642   0.00017378001
       1061.0236   0.00017782787
       1084.4418   0.00018197001
       1108.3883   0.00018620863
       1132.7399   0.00019054599
       1157.7611   0.00019498438
       1183.2762   0.00019952615
       1209.4585   0.00020417371
       1236.1011   0.00020892952
       1263.4100   0.00021379612
       1291.1931   0.00021877607
       1319.6681   0.00022387202
       1348.7468   0.00022908667
       1378.5148   0.00023442278
       1408.8860   0.00023988319
       1439.9785   0.00024547079
       1471.6295   0.00025118853
       1504.0446   0.00025703947
       1537.1584   0.00026302669
       1571.0134   0.00026915336
       1605.6240   0.00027542275
       1640.9407   0.00028183817
       1677.0942   0.00028840302
       1713.9609   0.00029512079
       1751.6273   0.00030199504
       1790.1992   0.00030902941
       1829.5968   0.00031622763
       1869.7336   0.00032359352
       1910.8939   0.00033113098
       1952.8716   0.00033884401
       1995.6782   0.00034673670
       2039.5179   0.00035481323
       2084.2617   0.00036307789
       2130.0081   0.00037153507
       2176.7678   0.00038018923
       2224.4019   0.00038904497
       2273.2114   0.00039810699
       2322.9597   0.00040738010
       2373.8157   0.00041686920
       2425.7954   0.00042657933
       2478.8784   0.00043651564
       2533.0715   0.00044668339
       2588.4966   0.00045708799
       2644.9565   0.00046773493
       2702.7439   0.00047862988
       2761.7019   0.00048977860
       2821.9377   0.00050118701
       2883.4824   0.00051286115
       2946.2944   0.00052480722
       3010.4705   0.00053703156
       3076.0381   0.00054954063
       3142.8687   0.00056234107
       3211.1526   0.00057543968
       3280.8540   0.00058884339
       3352.1260   0.00060255931
       3424.7183   0.00061659472
       3499.0327   0.00063095706
       3574.6836   0.00064565394
       3652.0330   0.00066069315
       3730.9719   0.00067608267
       3811.4983   0.00069183066
       3893.7651   0.00070794546
       3977.7405   0.00072443563
       4063.3535   0.00074130990
       4150.7671   0.00075857723
       4239.8970   0.00077624676
       4330.9048   0.00079432787
       4423.7783   0.00081283014
       4518.6558   0.00083176339
       4615.2588   0.00085113765
       4713.9106   0.00087096319
       4814.4746   0.00089125053
       4917.1523   0.00091201042
       5021.8076   0.00093325387
       5128.5142   0.00095499214
       5237.4805   0.00097723677
       5348.4233   0.00099999954
       5461.5420    0.0010232925
       5577.1079    0.0010471281
       5694.7227    0.0010715188
       5814.7476    0.0010964777
       5936.9541    0.0011220179
       6061.6548    0.0011481531
       6188.6421    0.0011748970
       6318.2871    0.0012022639
       6450.0396    0.0012302682
       6584.2690    0.0012589248
       6721.2368    0.0012882489
       6860.9897    0.0013182561
       7002.8062    0.0013489622
       7147.5825    0.0013803836
       7295.1172    0.0014125369
       7445.1597    0.0014454391
       7597.6807    0.0014791077
       7753.3677    0.0015135605
       7911.6162    0.0015488159
       8072.5767    0.0015848924
       8236.5098    0.0016218093
       8403.1582    0.0016595861
       8572.8809    0.0016982428
       8745.3379    0.0017378000
       8921.2666    0.0017782786
       9099.6699    0.0018197000
       9281.1367    0.0018620862
       9465.4570    0.0019054598
       9652.9082    0.0019498437
       9843.3174    0.0019952614
       10037.359    0.0020417370
       10234.040    0.0020892951
       10433.119    0.0021379611
       10636.523    0.0021877606
       10842.097    0.0022387201
       11051.058    0.0022908665
       11263.048    0.0023442277
       11478.929    0.0023988318
       11696.483    0.0024547077
       11918.996    0.0025118852
       12142.959    0.0025703945
       12370.787    0.0026302667
       12601.107    0.0026915335
       12835.217    0.0027542274
       13072.062    0.0028183816
       13312.607    0.0028840301
       13554.756    0.0029512078
       13800.937    0.0030199502
       14049.424    0.0030902939
       14301.329    0.0031622761
       14556.423    0.0032359350
       14813.354    0.0033113096
       15073.652    0.0033884399
       15336.519    0.0034673668
       15602.211    0.0035481321
       15869.867    0.0036307788
       16140.337    0.0037153505
       16414.070    0.0038018921
       16689.428    0.0038904495
       16966.992    0.0039810697
       17246.594    0.0040738008
       17528.693    0.0041686918
       17812.002    0.0042657931
       18098.084    0.0043651562
       18385.842    0.0044668337
       18674.865    0.0045708796
       18965.221    0.0046773491
       19257.279    0.0047862985
       19551.031    0.0048977858
       19844.508    0.0050118698
       20139.719    0.0051286113
       20435.811    0.0052480720
       20731.734    0.0053703153
       21028.906    0.0054954060
       21325.430    0.0056234104
       21621.980    0.0057543965
       21918.207    0.0058884336
       22215.064    0.0060255928
       22509.879    0.0061659469
       22804.375    0.0063095703
       23097.639    0.0064565390
       23389.117    0.0066069311
       23678.539    0.0067608263
       23966.578    0.0069183062
       24252.307    0.0070794543
       24535.488    0.0072443559
       24815.572    0.0074130986
       25092.160    0.0075857719
       25365.664    0.0077624672
       25635.068    0.0079432783
       25900.461    0.0081283010
       26160.834    0.0083176335
       26415.842    0.0085113760
       26665.598    0.0087096314
       26909.668    0.0089125048
       27146.932    0.0091201037
       27377.559    0.0093325382
       27601.619    0.0095499210
       27818.924    0.0097723672
       28027.285    0.0099999949
       28228.012     0.010232925
       28419.367     0.010471280
       28602.641     0.010715188
       28776.037     0.010964776
       28939.961     0.011220179
       29092.795     0.011481530
       29235.016     0.011748969
       29364.281     0.012022638
       29480.531     0.012302681
       29582.633     0.012589248
       29670.771     0.012882489
       29744.297     0.013182561
       29801.238     0.013489622
       29842.840     0.013803835
       29868.555     0.014125368
       29880.520     0.014454390
       29877.709     0.014791076
       29861.373     0.015135605
       29832.121     0.015488158
       29790.643     0.015848924
       29736.178     0.016218092
       29670.205     0.016595860
       29589.811     0.016982428
       29494.107     0.017377999
       29379.607     0.017782785
       29246.488     0.018196999
       29091.447     0.018620862
       28913.123     0.019054597
       28710.205     0.019498436
       28480.545     0.019952613
       28225.836     0.020417369
       27945.844     0.020892950
       27644.184     0.021379610
       27321.408     0.021877605
       26979.285     0.022387199
       26618.877     0.022908664
       26243.248     0.023442276
       25852.615     0.023988316
       25448.643     0.024547076
       25035.035     0.025118851
       24611.193     0.025703944
       24179.500     0.026302666
       23741.727     0.026915334
       23298.762     0.027542272
       22852.957     0.028183814
       22405.166     0.028840300
       21956.109     0.029512076
       21506.918     0.030199501
       21057.650     0.030902938
       20609.158     0.031622760
       20158.092     0.032359348
       19706.580     0.033113094
       19252.877     0.033884397
       18798.545     0.034673666
       18341.961     0.035481320
       17884.158     0.036307786
       17427.391     0.037153503
       16975.703     0.038018919
       16532.609     0.038904493
       16102.714     0.039810695
       15688.851     0.040738006
       15294.107     0.041686916
       14921.441     0.042657929
       14571.128     0.043651559
       14247.780     0.044668335
       13946.878     0.045708794
       13667.908     0.046773488
       13407.498     0.047862983
       13163.574     0.048977855
       12933.134     0.050118696
       12714.980     0.051286110
       12506.006     0.052480717
       12305.991     0.053703150
       12111.667     0.054954057
       11921.617     0.056234101
       11732.310     0.057543962
       11541.431     0.058884333
       11346.811     0.060255925
       11147.092     0.061659466
       10939.771     0.063095699
       10722.062     0.064565387
       10494.723     0.066069308
       10253.938     0.067608260
       10000.634     0.069183058
       9733.1074     0.070794539
       9451.0469     0.072443556
       9153.9990     0.074130983
       8841.8760     0.075857715
       8515.3789     0.077624668
       8174.9834     0.079432779
       7822.5112     0.081283006
       7465.0288     0.083176330
       7112.0449     0.085113756
       6771.6626     0.087096310
       6450.3447     0.089125044
       6153.1470     0.091201032
       5884.4746     0.093325377
       5647.1333     0.095499205
       5443.8545     0.097723667
       5274.9727     0.099999943
       5133.7905      0.10232924
       5011.7974      0.10471280
       4902.0723      0.10715187
       4798.1997      0.10964776
       4694.5029      0.11220178
       4585.3105      0.11481530
       4466.0718      0.11748969
       4332.5698      0.12022637
       4184.5107      0.12302681
       4026.1284      0.12589247
       3863.1460      0.12882488
       3699.1716      0.13182560
       3537.8208      0.13489621
       3382.3459      0.13803835
       3235.1414      0.14125367
       3098.0442      0.14454389
       2972.7529      0.14791075
       2858.0615      0.15135604
       2751.6494      0.15488157
       2651.5818      0.15848923
       2555.9763      0.16218092
       2462.8853      0.16595859
       2371.5037      0.16982427
       2279.9973      0.17377998
       2187.9265      0.17782784
       2094.7683      0.18196998
       2001.4740      0.18620861
       1909.3947      0.19054596
       1819.9794      0.19498435
       1734.0376      0.19952612
       1652.2460      0.20417368
       1575.0752      0.20892949
       1503.4491      0.21379608
       1437.2892      0.21877603
       1376.7992      0.22387198
       1320.7526      0.22908663
       1268.3296      0.23442274
       1218.9528      0.23988315
       1171.7618      0.24547075
       1126.4553      0.25118850
       1082.3457      0.25703943
       1039.1129      0.26302664
       996.34845      0.26915332
       954.12311      0.27542271
       912.61389      0.28183813
       872.02106      0.28840298
       832.56091      0.29512075
       794.37433      0.30199499
       757.50226      0.30902936
       722.11237      0.31622758
       688.18781      0.32359347
       655.84363      0.33113093
       624.94928      0.33884396
       595.52252      0.34673664
       567.46124      0.35481318
       540.64661      0.36307784
       515.11084      0.37153501
       490.71185      0.38018917
       467.46313      0.38904491
       445.28186      0.39810693
       424.12085      0.40738003
       403.92911      0.41686913
       384.66559      0.42657926
       366.27390      0.43651557
       348.72690      0.44668332
       331.96286      0.45708792
       315.96982      0.46773486
       300.69070      0.47862980
       286.11975      0.48977852
       272.20190      0.50118693
       258.89682      0.51286107
       246.22302      0.52480714
       234.11823      0.53703147
       222.58495      0.54954054
       211.58167      0.56234099
       201.10472      0.57543959
       191.10939      0.58884330
       181.58572      0.60255922
       172.51410      0.61659463
       163.87872      0.63095696
       155.64958      0.64565384
       147.81627      0.66069305
       140.36734      0.67608256
       133.25732      0.69183055
       126.50208      0.70794535
       120.07088      0.72443552
       113.95116      0.74130979
       108.13683      0.75857711
       102.60686      0.77624664
       97.338905      0.79432775
       92.333359      0.81283002
       87.573975      0.83176326
       83.050209      0.85113752
       78.752823      0.87096305
       74.670921      0.89125039
       70.791901      0.91201028
       67.106636      0.93325373
       63.604759      0.95499200
       60.277870      0.97723662
       57.120377      0.99999938
       54.122997       1.0232924
       51.277897       1.0471279
       48.574688       1.0715186
       46.014229       1.0964775
       43.579079       1.1220178
       41.267044       1.1481529
       39.079514       1.1748968
       37.001316       1.2022637
       35.035282       1.2302680
       33.166233       1.2589246
       31.391506       1.2882487
       29.710030       1.3182559
       28.118908       1.3489620
       26.607414       1.3803834
       25.176006       1.4125367
       23.818453       1.4454389
       22.534525       1.4791075
       21.314907       1.5135603
       20.160898       1.5488156
       19.067245       1.5848922
       18.033218       1.6218091
       17.051796       1.6595859
       16.124615       1.6982426
       15.244981       1.7377997
       14.411551       1.7782783
       13.622211       1.8196997
       12.876333       1.8620860
       12.170116       1.9054595
       11.502022       1.9498434
       10.868483       1.9952611
       10.269464       2.0417367
       9.7034340       2.0892948
       9.1670084       2.1379607
       8.6596422       2.1877602
       8.1802273       2.2387197
       7.7268853       2.2908662
       7.2976422       2.3442273
       6.8922400       2.3988314
       6.5085444       2.4547074
       6.1456432       2.5118848
       5.8026605       2.5703941
       5.4786334       2.6302663
       5.1724453       2.6915331
       4.8828573       2.7542269
       4.6088619       2.8183811
       4.3502007       2.8840297
       4.1058025       2.9512073
       3.8747432       3.0199498
       3.6566420       3.0902934
       3.4504521       3.1622756
       3.2556891       3.2359345
       3.0717087       3.3113091
       2.8979278       3.3884394
       2.7339990       3.4673663
       2.5789435       3.5481316
       2.4327896       3.6307782
       2.2944479       3.7153499
       2.1639721       3.8018915
       2.0407405       3.8904489
       1.9245303       3.9810691
       1.8148546       4.0738001
       1.7112551       4.1686911
       1.6135155       4.2657924
       1.5211614       4.3651555
       1.4340879       4.4668330
       1.3518580       4.5708789
       1.2743983       4.6773484
       1.2012353       4.7862978
       1.1322494       4.8977850
       1.0670495       5.0118691
       1.0056366       5.1286105
      0.94769907       5.2480712
      0.89304006       5.3703144
      0.84150815       5.4954051
      0.79290533       5.6234096
      0.74708384       5.7543956
      0.70385057       5.8884327
      0.66306627       6.0255919
      0.62464219       6.1659460
      0.58841252       6.3095693
      0.55424845       6.4565380
      0.52205408       6.6069301
      0.49170837       6.7608253
      0.46307999       6.9183051
      0.43609664       7.0794532
      0.41067380       7.2443548
      0.38672996       7.4130975
      0.36416456       7.5857707
      0.34290552       7.7624660
      0.32284620       7.9432771
      0.30394894       8.1282998
      0.28614637       8.3176322
      0.26938322       8.5113747
      0.25359350       8.7096301
      0.23872441       8.9125034
      0.22470069       9.1201023
      0.21148974       9.3325368
      0.19905216       9.5499195
      0.18733804       9.7723657
      0.17630985       9.9999933
      0.16590874       10.232923
      0.15614839       10.471278
      0.14693657       10.715186
      0.13825667       10.964775
      0.13007551       11.220177
      0.12238182       11.481528
      0.11514427       11.748968
      0.10833248       12.022636
      0.10193287       12.302679
     0.095875837       12.589246
     0.090193927       12.882487
     0.084831633       13.182558
     0.079794608       13.489620
     0.075058244       13.803833
     0.070596263       14.125366
     0.066398241       14.454388
     0.062447153       14.791074
     0.058723614       15.135602
     0.055223539       15.488156
     0.051928446       15.848921
     0.048829384       16.218090
     0.045916803       16.595858
     0.043176819       16.982425
     0.040593848       17.377996
     0.038163878       17.782782
     0.035881877       18.196996
     0.033733036       18.620859
     0.031710599       19.054594
     0.029811554       19.498433
     0.028023880       19.952609
     0.026339840       20.417365
     0.024758678       20.892947
     0.023273142       21.379606
     0.021875095       21.877601
     0.020558460       22.387196
     0.019321252       22.908661
     0.018157899       23.442272
     0.017063046       23.988313
     0.016035885       24.547072
     0.015069225       25.118847
     0.014160125       25.703940
     0.013305089       26.302662
     0.012501786       26.915329
     0.011745947       27.542268
     0.011035386       28.183810
     0.010368729       28.840295
    0.0097410586       29.512072
    0.0091512622       30.199496
    0.0085968142       30.902933
    0.0080757942       31.622755
    0.0075858235       32.359343
    0.0071255155       33.113089
    0.0066927560       33.884392
    0.0062862509       34.673661
    0.0059044142       35.481314
    0.0055456557       36.307780
    0.0052079186       37.153497
    0.0048911115       38.018913
    0.0045933709       38.904487
    0.0043134163       39.810689
    0.0040506390       40.737999
    0.0038037018       41.686909
    0.0035715378       42.657922
    0.0033532639       43.651553
    0.0031484538       44.668328
    0.0029561159       45.708787
    0.0027753934       46.773481
    0.0026057377       47.862976
    0.0024462135       48.977847
    0.0022963502       50.118688
    0.0021556204       51.286102
    0.0020234007       52.480709
    0.0018992897       53.703142
    0.0017827650       54.954049
    0.0016733446       56.234093
    0.0015708578       57.543953
    0.0014745933       58.884324
    0.0013841947       60.255916
    0.0012993066       61.659456
    0.0012195954       63.095690
    0.0011447472       64.565377
    0.0010744674       66.069298
    0.0010084787       67.608249
   0.00094652065       69.183048
   0.00088834873       70.794528
   0.00083373283       72.443544
   0.00078245695       74.130971
   0.00073431799       75.857703
   0.00068912521       77.624656
   0.00064669934       79.432767
   0.00060687197       81.282993
   0.00056948484       83.176318
   0.00053438928       85.113743
   0.00050144567       87.096297
   0.00047052279       89.125030
   0.00044149734       91.201018
   0.00041425359       93.325363
   0.00038868276       95.499190
   0.00036468267       97.723652
   0.00034215735       99.999928
   0.00032101668       102.32923
   0.00030117598       104.71278
   0.00028255579       107.15185
   0.00026508135       109.64774
   0.00024868260       112.20176
   0.00023329360       114.81528
   0.00021885252       117.48967
   0.00020530129       120.22636
   0.00019258533       123.02679
   0.00018065341       125.89245
   0.00016945746       128.82486
   0.00015895227       131.82558
   0.00014909547       134.89619
   0.00013984722       138.03833
   0.00013117013       141.25365
   0.00012302909       144.54387
   0.00011539116       147.91073
   0.00010822538       151.35601
   0.00010150270       154.88155
   9.5195865e-05       158.48920
   8.9279260e-05       162.18089
   8.3728853e-05       165.95857
   7.8522084e-05       169.82424
   7.3637777e-05       173.77996
   6.9056048e-05       177.82781
   6.4758235e-05       181.96995
   6.0726830e-05       186.20858
   5.6945388e-05       190.54593
   5.3398478e-05       194.98432
   5.0071620e-05       199.52608
   4.6951223e-05       204.17364
   4.4024524e-05       208.92946
   4.1279556e-05       213.79605
   3.8705079e-05       218.77600
   3.6290548e-05       223.87195
   3.4026070e-05       229.08660
   3.1902360e-05       234.42271
   2.9910703e-05       239.88311
   2.8042921e-05       245.47071
   2.6291340e-05       251.18846
   2.4648760e-05       257.03939
   2.3108427e-05       263.02660
   2.1664002e-05       269.15328
   2.0309535e-05       275.42267
   1.9039448e-05       281.83808
   1.7848502e-05       288.40294
   1.6731788e-05       295.12070
   1.5684696e-05       301.99495
   1.4702903e-05       309.02931
   1.3782352e-05       316.22753
   1.2919236e-05       323.59342
   1.2109987e-05       331.13087
   1.1351254e-05       338.84390
   1.0639897e-05       346.73659
   9.9729687e-06       354.81312
   9.3477029e-06       363.07778
   8.7615090e-06       371.53495
   8.2119523e-06       380.18911
   7.6967517e-06       389.04485
   7.2137686e-06       398.10687
   6.7609940e-06       407.37997
   6.3365455e-06       416.86907
   5.9386575e-06       426.57920
   5.5656737e-06       436.51550
   5.2160408e-06       446.68326
   4.8883021e-06       457.08784
   4.5810912e-06       467.73479
   4.2931265e-06       478.62973
   4.0232071e-06       489.77845
   3.7702052e-06       501.18685
   3.5330645e-06       512.86100
   3.3107940e-06       524.80706
   3.1024642e-06       537.03139
   2.9072037e-06       549.54046
   2.7241952e-06       562.34090
   2.5526726e-06       575.43950
   2.3919174e-06       588.84321
   2.2412560e-06       602.55913
   2.1000560e-06       616.59453
   1.9677259e-06       630.95686
   1.8437099e-06       645.65374
   1.7274873e-06       660.69294
   1.6185700e-06       676.08246
   1.5165002e-06       691.83044
   1.4208487e-06       707.94524
   1.3312132e-06       724.43541
   1.2472166e-06       741.30967
   1.1685050e-06       758.57699
   1.0947471e-06       776.24652
   1.0256319e-06       794.32763
   9.6086819e-07       812.82989
   9.0018278e-07       831.76313
   8.4331964e-07       851.13738
   7.9003865e-07       870.96292
   7.4011484e-07       891.25025
   6.9333737e-07       912.01014
   6.4950848e-07       933.25358
   6.0844280e-07       954.99185
   5.6996669e-07       977.23647
   5.3391727e-07       999.99923
   5.0014199e-07       1023.2922
   4.6849772e-07       1047.1277
   4.3885041e-07       1071.5185
   4.1107441e-07       1096.4773
   3.8505192e-07       1122.0176
   3.6067254e-07       1148.1527
   3.3783283e-07       1174.8966
   3.1643577e-07       1202.2635
   2.9639054e-07       1230.2678
   2.7761195e-07       1258.9244
   2.6002016e-07       1288.2485
   2.4354037e-07       1318.2557
   2.2810249e-07       1348.9618
   2.1364082e-07       1380.3832
   2.0009378e-07       1412.5364
   1.8740367e-07       1445.4386
   1.7551645e-07       1479.1072
   1.6438145e-07       1513.5601
   1.5395116e-07       1548.8154
   1.4418113e-07       1584.8920
   1.3502967e-07       1621.8088
   1.2645769e-07       1659.5856
   1.1842862e-07       1698.2423
   1.1090813e-07       1737.7995
   1.0386412e-07       1778.2780
   9.7266444e-08       1819.6994
   9.1086918e-08       1862.0857
   8.5299085e-08       1905.4592
   7.9878191e-08       1949.8431
   7.4801022e-08       1995.2607
   7.0045843e-08       2041.7363
   6.5592275e-08       2089.2945
   6.1421240e-08       2137.9604
   5.7514853e-08       2187.7599
   5.3856368e-08       2238.7194
   5.0430081e-08       2290.8658
   4.7221299e-08       2344.2270
   4.4216243e-08       2398.8310
   4.1402004e-08       2454.7070
   3.8766501e-08       2511.8844
   3.6298406e-08       2570.3937
   3.3987106e-08       2630.2659
   3.1822665e-08       2691.5327
   2.9795777e-08       2754.2265
   2.7897714e-08       2818.3807
   2.6120309e-08       2884.0292
   2.4455911e-08       2951.2069
   2.2897348e-08       3019.9493
   2.1437907e-08       3090.2930
   2.0071298e-08       3162.2751
   1.8791628e-08       3235.9340
   1.7593377e-08       3311.3086
   1.6471381e-08       3388.4389
   1.5420794e-08       3467.3657
   1.4437080e-08       3548.1311
   1.3515994e-08       3630.7776
   1.2653556e-08       3715.3493
   1.1846041e-08       3801.8909
   1.1089957e-08       3890.4483
   1.0382037e-08       3981.0685
   9.7192174e-09       4073.7995
   9.0986330e-09       4168.6905
   8.5175964e-09       4265.7918
   7.9735925e-09       4365.1548
   7.4642674e-09       4466.8323
   6.9874138e-09       4570.8782
   6.5409664e-09       4677.3476
   6.1229897e-09       4786.2971
   5.7316716e-09       4897.7842
   5.3653162e-09       5011.8683
   5.0223332e-09       5128.6097
   4.7012354e-09       5248.0704
   4.4006283e-09       5370.3136
   4.1192076e-09       5495.4043
   3.8557504e-09       5623.4087
   3.6091130e-09       5754.3947
   3.3782233e-09       5888.4318
   3.1620777e-09       6025.5910
   2.9597367e-09       6165.9450
   2.7703202e-09       6309.5683
   2.5930043e-09       6456.5370
   2.4270175e-09       6606.9291
   2.2716371e-09       6760.8242
   2.1261868e-09       6918.3041
   1.9900332e-09       7079.4521
   1.8625831e-09       7244.3537
   1.7432813e-09       7413.0964
   1.6316077e-09       7585.7696
   1.5270756e-09       7762.4648
   1.4292290e-09       7943.2758
   1.3376411e-09       8128.2985
   1.2519124e-09       8317.6309
   1.1716685e-09       8511.3734
   1.0965595e-09       8709.6288
   1.0262572e-09       8912.5021
   9.6045449e-10       9120.1009
   8.9886393e-10       9332.5353
   8.4121643e-10       9549.9180
   7.8725998e-10       9772.3642
   7.3675860e-10       9999.9918
   6.8949152e-10       10232.921
   6.4525191e-10       10471.277
   6.0384625e-10       10715.184
   5.6509325e-10       10964.773
   5.2882326e-10       11220.175
   4.9487747e-10       11481.527
   4.6310727e-10       11748.966
   4.3337336e-10       12022.634
   4.0554551e-10       12302.678
   3.7950174e-10       12589.244
   3.5512782e-10       12882.485
   3.3231690e-10       13182.556
   3.1096889e-10       13489.618
   2.9099015e-10       13803.831
   2.7229299e-10       14125.364
   2.5479535e-10       14454.386
   2.3842037e-10       14791.072
   2.2309617e-10       15135.600
   2.0875539e-10       15488.153
   1.9533505e-10       15848.919
   1.8277618e-10       16218.087
   1.7102354e-10       16595.855
   1.6002548e-10       16982.422
   1.4973361e-10       17377.994
   1.4010268e-10       17782.779
   1.3109028e-10       18196.993
   1.2265677e-10       18620.856
   1.1476502e-10       19054.591
   1.0738029e-10       19498.430
   1.0047004e-10       19952.606
   9.4003846e-11       20417.362
   8.7953200e-11       20892.944
   8.2291458e-11       21379.603
   7.6993648e-11       21877.598
   7.2036412e-11       22387.193
   6.7397900e-11       22908.657
   6.3057636e-11       23442.268
   5.8996481e-11       23988.309
   5.5196514e-11       24547.068
   5.1640959e-11       25118.843
   4.8314120e-11       25703.936
   4.5201305e-11       26302.658
   4.2288763e-11       26915.325
   3.9563634e-11       27542.264
   3.7013875e-11       28183.805
   3.4628213e-11       28840.291
   3.2396103e-11       29512.067
   3.0307680e-11       30199.492
   2.8353705e-11       30902.928
   2.6525534e-11       31622.750
   2.4815079e-11       32359.338
   2.3214774e-11       33113.084
   2.1717532e-11       33884.387
   2.0316727e-11       34673.656
   1.9006156e-11       35481.309
   1.7780014e-11       36307.775
   1.6632870e-11       37153.491
   1.5559642e-11       38018.907
   1.4555572e-11       38904.481
   1.3616211e-11       39810.683
   1.2737394e-11       40737.993
   1.1915225e-11       41686.903
   1.1146056e-11       42657.915
   1.0426477e-11       43651.546
   9.7532928e-12       44668.321
   9.1235170e-12       45708.780
   8.5343555e-12       46773.474
   7.9831914e-12       47862.968
   7.4675778e-12       48977.840
   6.9852249e-12       50118.680
   6.5339895e-12       51286.094
   6.1118667e-12       52480.701
   5.7169811e-12       53703.133
   5.3475774e-12       54954.040
   5.0020131e-12       56234.084
   4.6787522e-12       57543.944
   4.3763569e-12       58884.315
   4.0934821e-12       60255.907
   3.8288695e-12       61659.447
   3.5813410e-12       63095.680
   3.3497957e-12       64565.367
   3.1332025e-12       66069.288
   2.9305970e-12       67608.239
   2.7410773e-12       69183.037
   2.5637990e-12       70794.517
   2.3979727e-12       72443.533
   2.2428593e-12       74130.960
   2.0977677e-12       75857.692
   1.9620512e-12       77624.644
   1.8351046e-12       79432.754
   1.7163621e-12       81282.981
   1.6052940e-12       83176.305
   1.5014050e-12       85113.730
   1.4042315e-12       87096.283
   1.3133401e-12       89125.016
   1.2283251e-12       91201.004
   1.1488070e-12       93325.349
   1.0744308e-12       95499.175
   1.0048644e-12       97723.637
   9.3979718e-13       99999.913
   8.7893847e-13       102329.21
   8.2201639e-13       104712.76
   7.6877659e-13       107151.84
   7.1898114e-13       109647.72
   6.7240750e-13       112201.75
   6.2884745e-13       114815.26
   5.8810622e-13       117489.65
   5.5000156e-13       120226.34
   5.1436313e-13       123026.77
   4.8103145e-13       125892.43
   4.4985733e-13       128824.84
   4.2070134e-13       131825.56
   3.9343295e-13       134896.17
   3.6793013e-13       138038.30
   3.4407863e-13       141253.63
   3.2177172e-13       144543.85
   3.0090942e-13       147910.71
   2.8139830e-13       151355.99
   2.6315096e-13       154881.52
   2.4608565e-13       158489.18
   2.3012584e-13       162180.87
   2.1520002e-13       165958.54
   2.0124127e-13       169824.21
   1.8818699e-13       173779.93
   1.7597866e-13       177827.78
   1.6456151e-13       181969.92
   1.5388431e-13       186208.55
   1.4389917e-13       190545.90
   1.3456128e-13       194984.29
   1.2582872e-13       199526.05
   1.1766230e-13       204173.61
   1.1002535e-13       208929.43
   1.0288358e-13       213796.02
   9.6204925e-14       218775.97
   8.9959371e-14       223871.91
   8.4118869e-14       229086.56
   7.8657180e-14       234422.67
   7.3549755e-14       239883.08
   6.8773641e-14       245470.67
   6.4307365e-14       251188.42
   6.0130855e-14       257039.35
   5.6225329e-14       263026.56
   5.2573217e-14       269153.24
   4.9158099e-14       275422.62
   4.5964609e-14       281838.04
   4.2978377e-14       288402.89
   4.0185967e-14       295120.66
   3.7574815e-14       301994.90
   3.5133165e-14       309029.27
   3.2850021e-14       316227.48
   3.0715109e-14       323593.37
   2.8718811e-14       331130.82
   2.6852139e-14       338843.85
   2.5106683e-14       346736.54
   2.3474578e-14       354813.07
   2.1948472e-14       363077.73
   2.0521487e-14       371534.89
   1.9187192e-14       380189.05
   1.7939572e-14       389044.79
   1.6773001e-14       398106.81
   1.5682219e-14       407379.91
   1.4662306e-14       416869.01
   1.3708666e-14       426579.13
   1.2816993e-14       436515.44
   1.1983266e-14       446683.19
   1.1203723e-14       457087.77
   1.0474845e-14       467734.72
   9.7933424e-15       478629.66
   9.1561390e-15       489778.37
   8.5603581e-15       501186.78
   8.0033094e-15       512860.92
   7.4824773e-15       524806.98
   6.9955092e-15       537031.31
   6.5402052e-15       549540.37
   6.1145089e-15       562340.81
   5.7164962e-15       575439.41
   5.3443688e-15       588843.12
   4.9964445e-15       602559.03
   4.6711508e-15       616594.44
   4.3670168e-15       630956.77
   4.0826675e-15       645653.64
   3.8168169e-15       660692.84
   3.5682631e-15       676082.35
   3.3358811e-15       691830.34
   3.1186199e-15       707945.13
   2.9154965e-15       724435.29
   2.7255919e-15       741309.56
   2.5480464e-15       758576.88
   2.3820565e-15       776246.40
   2.2268706e-15       794327.50
   2.0817863e-15       812829.77
   1.9461465e-15       831763.00
   1.8193370e-15       851137.25
   1.7007834e-15       870962.79
   1.5899487e-15       891250.11
   1.4863309e-15       912010.00
   1.3894601e-15       933253.44
   1.2988977e-15       954991.70
   1.2142332e-15       977236.32
   1.1350827e-15       999999.07
   1.0610874e-15       1023292.0
   9.9191190e-16       1047127.6
   9.2724252e-16       1071518.3
   8.6678597e-16       1096477.2
   8.1026801e-16       1122017.4
   7.5743227e-16       1148152.6
   7.0803908e-16       1174896.5
   6.6186429e-16       1202263.3
   6.1869838e-16       1230267.6
   5.7834547e-16       1258924.2
   5.4062238e-16       1288248.4
   5.0535786e-16       1318255.5
   4.7239181e-16       1348961.6
   4.4157453e-16       1380383.0
   4.1276609e-16       1412536.2
   3.8583566e-16       1445438.4
   3.6066088e-16       1479107.0
   3.3712745e-16       1513559.8
   3.1512839e-16       1548815.2
   2.9456375e-16       1584891.7
   2.7534008e-16       1621808.6
   2.5737001e-16       1659585.4
   2.4057186e-16       1698242.1
   2.2486927e-16       1737799.2
   2.1019083e-16       1778277.7
   1.9646980e-16       1819699.1
   1.8364378e-16       1862085.4
   1.7165446e-16       1905458.9
   1.6044726e-16       1949842.8
   1.4997123e-16       1995260.4
   1.4017869e-16       2041736.0
   1.3102509e-16       2089294.2
   1.2246877e-16       2137960.1
   1.1447079e-16       2187759.6
   1.0699473e-16       2238719.0
   1.0000658e-16       2290865.5
   9.3474506e-17       2344226.6
   8.7368775e-17       2398830.6
   8.1661573e-17       2454706.6
   7.6326907e-17       2511884.1
   7.1340490e-17       2570393.3
   6.6679592e-17       2630265.5
   6.2322984e-17       2691532.3
   5.8250813e-17       2754226.1
   5.4444532e-17       2818380.3
   5.0886781e-17       2884028.8
   4.7561350e-17       2951206.4
   4.4453080e-17       3019948.8
   4.1547800e-17       3090292.5
   3.8832262e-17       3162274.6
   3.6294085e-17       3235933.5
   3.3921691e-17       3311308.1
   3.1704261e-17       3388438.3
   2.9631681e-17       3467365.2
   2.7694495e-17       3548130.5
   2.5883866e-17       3630777.1
   2.4191529e-17       3715348.7
   2.2609764e-17       3801890.3
   2.1131351e-17       3890447.7
   1.9749543e-17       3981067.9
   1.8458031e-17       4073798.9
   1.7250916e-17       4168689.8
   1.6122691e-17       4265791.1
   1.5068203e-17       4365154.1
   1.4082636e-17       4466831.6
   1.3161487e-17       4570877.5
   1.2300550e-17       4677346.9
   1.1495892e-17       4786296.3
   1.0743836e-17       4897783.5
   1.0040946e-17       5011867.5
   9.3840100e-18       5128608.9
   8.7700261e-18       5248069.5
   8.1961869e-18       5370312.8
   7.6598703e-18       5495403.4
   7.1586245e-18       5623407.8
   6.6901570e-18       5754393.8
   6.2523261e-18       5888430.9
   5.8431298e-18       6025590.0
   5.4606969e-18       6165944.1
   5.1032776e-18       6309567.3
   4.7692372e-18       6456536.0
   4.4570477e-18       6606928.1
   4.1652800e-18       6760823.2
   3.8925999e-18       6918303.0
   3.6377596e-18       7079451.0
   3.3995920e-18       7244352.6
   3.1770074e-18       7413095.2
   2.9689870e-18       7585768.4
   2.7745784e-18       7762463.6
   2.5928915e-18       7943274.6
   2.4230943e-18       8128297.3
   2.2644094e-18       8317629.6
   2.1161098e-18       8511372.1
   1.9775165e-18       8709627.4
   1.8479947e-18       8912500.7
   1.7269507e-18       9120099.5
   1.6138302e-18       9332533.9
   1.5081148e-18       9549916.5
   1.4093200e-18       9772362.7
   1.3169931e-18       9999990.2
   1.2307110e-18       10232920.
   1.1500781e-18       10471275.
   1.0747248e-18       10715183.
   1.0043055e-18       10964771.
   9.3849762e-19       11220174.
   8.7699912e-19       11481525.
   8.1952805e-19       11748964.
   7.6582087e-19       12022633.
   7.1563122e-19       12302676.
   6.6872884e-19       12589242.
   6.2489861e-19       12882483.
   5.8393936e-19       13182554.
   5.4566318e-19       13489616.
   5.0989445e-19       13803829.
   4.7646896e-19       14125362.
   4.4523333e-19       14454383.
   4.1604422e-19       14791069.
   3.8876755e-19       15135598.
   3.6327811e-19       15488151.
   3.3945892e-19       15848916.
   3.1720055e-19       16218085.
   2.9640081e-19       16595853.
   2.7696419e-19       16982420.
   2.5880137e-19       17377991.
   2.4182891e-19       17782776.
   2.2596892e-19       18196991.
   2.1114845e-19       18620853.
   1.9729944e-19       19054588.
   1.8435825e-19       19498427.
   1.7226540e-19       19952603.
   1.6096533e-19       20417359.
   1.5040607e-19       20892941.
   1.4053910e-19       21379600.
   1.3131905e-19       21877594.
   1.2270353e-19       22387189.
   1.1465295e-19       22908654.
   1.0713025e-19       23442265.
   1.0010087e-19       23988305.
   9.3532459e-20       24547065.
   8.7394805e-20       25118839.
   8.1659690e-20       25703932.
   7.6300710e-20       26302654.
   7.1293230e-20       26915321.
   6.6614192e-20       27542259.
   6.2242078e-20       28183801.
   5.8156755e-20       28840286.
   5.4339433e-20       29512063.
   5.0772533e-20       30199487.
   4.7439639e-20       30902923.
   4.4325410e-20       31622745.
   4.1415505e-20       32359333.
   3.8696527e-20       33113079.
   3.6155955e-20       33884382.
   3.3782092e-20       34673650.
   3.1564000e-20       35481303.
   2.9491467e-20       36307769.
   2.7554947e-20       37153485.
   2.5745518e-20       38018901.
   2.4054842e-20       38904475.
   2.2475132e-20       39810677.
   2.0999108e-20       40737987.
   1.9619966e-20       41686896.
   1.8331355e-20       42657909.
   1.7127332e-20       43651539.
   1.6002349e-20       44668314.
   1.4951218e-20       45708773.
   1.3969098e-20       46773467.
   1.3051456e-20       47862961.
   1.2194063e-20       48977832.
   1.1392966e-20       50118673.
   1.0644470e-20       51286086.
   9.9451230e-21       52480693.
   9.2916996e-21       53703125.
   8.6811854e-21       54954032.
   8.1107644e-21       56234075.
   7.5778056e-21       57543935.
   7.0798494e-21       58884306.
   6.6145978e-21       60255897.
   6.1799047e-21       61659437.
   5.7737639e-21       63095670.
   5.3943008e-21       64565357.
   5.0397639e-21       66069277.
   4.7085172e-21       67608229.
   4.3990309e-21       69183026.
   4.1098768e-21       70794506.
   3.8397191e-21       72443522.
   3.5873115e-21       74130948.
   3.3514874e-21       75857680.
   3.1311583e-21       77624632.
   2.9253067e-21       79432742.
   2.7329815e-21       81282968.
   2.5532945e-21       83176292.
   2.3854156e-21       85113717.
   2.2285694e-21       87096270.
   2.0820308e-21       89125002.
   1.9451233e-21       91200990.
   1.8172138e-21       93325334.
   1.6977113e-21       95499160.
   1.5860638e-21       97723622.
   1.4817549e-21       99999897.
   1.3843027e-21   1.0232919e+08
   1.2932566e-21   1.0471275e+08
   1.2081956e-21   1.0715182e+08
   1.1287267e-21   1.0964771e+08
   1.0544824e-21   1.1220173e+08
   9.8511920e-22   1.1481524e+08
   9.2031648e-22   1.1748963e+08
   8.5977458e-22   1.2022632e+08
   8.0321343e-22   1.2302675e+08
   7.5037146e-22   1.2589241e+08
   7.0100417e-22   1.2882482e+08
   6.5488324e-22   1.3182554e+08
   6.1179528e-22   1.3489615e+08
   5.7154096e-22   1.3803828e+08
   5.3393398e-22   1.4125361e+08
   4.9880036e-22   1.4454383e+08
   4.6597749e-22   1.4791069e+08
   4.3531349e-22   1.5135597e+08
   4.0666640e-22   1.5488150e+08
   3.7990362e-22   1.5848915e+08
   3.5490130e-22   1.6218084e+08
   3.3154367e-22   1.6595852e+08
   3.0972259e-22   1.6982419e+08
   2.8933704e-22   1.7377990e+08
   2.7029260e-22   1.7782776e+08
   2.5250112e-22   1.8196990e+08
   2.3588019e-22   1.8620852e+08
   2.2035283e-22   1.9054587e+08
   2.0584713e-22   1.9498426e+08
   1.9229589e-22   1.9952602e+08
   1.7963635e-22   2.0417358e+08
   1.6780985e-22   2.0892939e+08
   1.5676159e-22   2.1379599e+08
   1.4644042e-22   2.1877593e+08
   1.3679846e-22   2.2387188e+08
   1.2779109e-22   2.2908653e+08
   1.1937652e-22   2.3442264e+08
   1.1151576e-22   2.3988304e+08
   1.0417240e-22   2.4547063e+08
   9.7312386e-23   2.5118838e+08
   9.0903919e-23   2.5703931e+08
   8.4917286e-23   2.6302652e+08
   7.9324741e-23   2.6915320e+08
   7.4100349e-23   2.7542258e+08
   6.9219894e-23   2.8183800e+08
   6.4660732e-23   2.8840285e+08
   6.0401723e-23   2.9512061e+08
   5.6423125e-23   3.0199485e+08
   5.2706473e-23   3.0902922e+08
   4.9234535e-23   3.1622743e+08
   4.5991206e-23   3.2359332e+08
   4.2961437e-23   3.3113077e+08
   4.0131175e-23   3.3884380e+08
   3.7487286e-23   3.4673648e+08
   3.5017504e-23   3.5481301e+08
   3.2710370e-23   3.6307767e+08
   3.0555177e-23   3.7153484e+08
   2.8541922e-23   3.8018899e+08
   2.6661258e-23   3.8904473e+08
   2.4904463e-23   3.9810675e+08
   2.3263380e-23   4.0737985e+08
   2.1730390e-23   4.1686894e+08
   2.0298376e-23   4.2657907e+08
   1.8960690e-23   4.3651537e+08
   1.7711122e-23   4.4668312e+08
   1.6543869e-23   4.5708770e+08
   1.5453512e-23   4.6773464e+08
   1.4434987e-23   4.7862958e+08
   1.3483564e-23   4.8977830e+08
   1.2594824e-23   5.0118670e+08
   1.1764638e-23   5.1286084e+08
   1.0989151e-23   5.2480690e+08
   1.0264761e-23   5.3703122e+08
   9.5881010e-24   5.4954029e+08
   8.9560286e-24   5.6234072e+08
   8.3656064e-24   5.7543932e+08
   7.8140917e-24   5.8884303e+08
   7.2989221e-24   6.0255894e+08
   6.8177020e-24   6.1659434e+08
   6.3681960e-24   6.3095667e+08
   5.9483149e-24   6.4565354e+08
   5.5561067e-24   6.6069274e+08
   5.1897487e-24   6.7608225e+08
   4.8475376e-24   6.9183023e+08
   4.5278829e-24   7.0794502e+08
   4.2292983e-24   7.2443518e+08
   3.9503953e-24   7.4130945e+08
   3.6898772e-24   7.5857676e+08
   3.4465325e-24   7.7624628e+08
   3.2192299e-24   7.9432738e+08
   3.0069122e-24   8.1282964e+08
   2.8085917e-24   8.3176288e+08
   2.6233463e-24   8.5113712e+08
   2.4503142e-24   8.7096265e+08
   2.2886904e-24   8.9124998e+08
   2.1377233e-24   9.1200986e+08
   1.9967103e-24   9.3325329e+08
   1.8649954e-24   9.5499155e+08
   1.7419656e-24   9.7723617e+08
   1.6270489e-24   9.9999892e+08
   1.5197101e-24   1.0232919e+09
   1.4194498e-24   1.0471274e+09
   1.3258013e-24   1.0715181e+09
   1.2383291e-24   1.0964770e+09
   1.1566256e-24   1.1220172e+09
   1.0803108e-24   1.1481524e+09
   1.0090293e-24   1.1748963e+09
   9.4244926e-25   1.2022631e+09
   8.8026079e-25   1.2302674e+09
   8.2217435e-25   1.2589240e+09
   7.6791936e-25   1.2882482e+09
   7.1724333e-25   1.3182553e+09
   6.6991015e-25   1.3489614e+09
   6.2569942e-25   1.3803828e+09
   5.8440527e-25   1.4125360e+09
   5.4583539e-25   1.4454382e+09
   5.0981009e-25   1.4791068e+09
   4.7616152e-25   1.5135596e+09
   4.4473306e-25   1.5488149e+09
   4.1537816e-25   1.5848915e+09
   3.8796012e-25   1.6218083e+09
   3.6235120e-25   1.6595851e+09
   3.3843208e-25   1.6982418e+09
   3.1609126e-25   1.7377989e+09
   2.9522469e-25   1.7782775e+09
   2.7573509e-25   1.8196989e+09
   2.5753163e-25   1.8620851e+09
   2.4052948e-25   1.9054586e+09
   2.2464939e-25   1.9498425e+09
   2.0981735e-25   1.9952601e+09
   1.9596419e-25   2.0417357e+09
   1.8302534e-25   2.0892938e+09
   1.7094050e-25   2.1379597e+09
   1.5965329e-25   2.1877592e+09
   1.4911112e-25   2.2387187e+09
   1.3926479e-25   2.2908651e+09
   1.3006842e-25   2.3442262e+09
   1.2147912e-25   2.3988303e+09
   1.1345681e-25   2.4547062e+09
   1.0596409e-25   2.5118837e+09
   9.8966015e-26   2.5703930e+09
   9.2429939e-26   2.6302651e+09
   8.6325375e-26   2.6915318e+09
   8.0623840e-26   2.7542257e+09
   7.5298739e-26   2.8183798e+09
   7.0325230e-26   2.8840283e+09
   6.5680103e-26   2.9512060e+09
   6.1341688e-26   3.0199484e+09
   5.7289735e-26   3.0902920e+09
   5.3505341e-26   3.1622742e+09
   4.9970847e-26   3.2359330e+09
   4.6669754e-26   3.3113075e+09
   4.3586654e-26   3.3884378e+09
   4.0707158e-26   3.4673647e+09
   3.8017823e-26   3.5481300e+09
   3.5506099e-26   3.6307765e+09
   3.3160261e-26   3.7153482e+09
   3.0969351e-26   3.8018897e+09
   2.8923148e-26   3.8904471e+09
   2.7012092e-26   3.9810673e+09
   2.5227260e-26   4.0737982e+09
   2.3560323e-26   4.1686892e+09
   2.2003492e-26   4.2657904e+09
   2.0549500e-26   4.3651535e+09
   1.9191553e-26   4.4668309e+09
   1.7923311e-26   4.5708768e+09
   1.6738850e-26   4.6773462e+09
   1.5632638e-26   4.7862956e+09
   1.4599506e-26   4.8977827e+09
   1.3634627e-26   5.0118667e+09
   1.2733495e-26   5.1286081e+09
   1.1891901e-26   5.2480687e+09
   1.1105910e-26   5.3703120e+09
   1.0371852e-26   5.4954026e+09
   9.6862959e-27   5.6234070e+09
   9.0460383e-27   5.7543929e+09
   8.4480863e-27   5.8884300e+09
   7.8896467e-27   6.0255891e+09
   7.3681088e-27   6.1659431e+09
   6.8810349e-27   6.3095664e+09
   6.4261488e-27   6.4565350e+09
   6.0013237e-27   6.6069271e+09
   5.6045736e-27   6.7608222e+09
   5.2340443e-27   6.9183019e+09
   4.8880033e-27   7.0794499e+09
   4.5648326e-27   7.2443515e+09
   4.2630213e-27   7.4130941e+09
   3.9811580e-27   7.5857672e+09
   3.7179246e-27   7.7624624e+09
   3.4720908e-27   7.9432734e+09
   3.2425061e-27   8.1282960e+09
   3.0280975e-27   8.3176283e+09
   2.8278618e-27   8.5113708e+09
   2.6408625e-27   8.7096261e+09
   2.4662249e-27   8.9124993e+09
   2.3031322e-27   9.1200981e+09
   2.1508214e-27   9.3325325e+09
   2.0085799e-27   9.5499151e+09
   1.8757421e-27   9.7723611e+09
   1.7516870e-27   9.9999887e+09
   1.6358337e-27   1.0232918e+10
   1.5276401e-27   1.0471274e+10
   1.4266003e-27   1.0715181e+10
   1.3322410e-27   1.0964770e+10
   1.2441211e-27   1.1220172e+10
   1.1618278e-27   1.1481523e+10
   1.0849762e-27   1.1748962e+10
   1.0132064e-27   1.2022631e+10
   9.4618271e-28   1.2302674e+10
   8.8359114e-28   1.2589240e+10
   8.2513878e-28   1.2882481e+10
   7.7055196e-28   1.3182552e+10
   7.1957524e-28   1.3489613e+10
   6.7196986e-28   1.3803827e+10
   6.2751295e-28   1.4125359e+10
   5.8599630e-28   1.4454381e+10
   5.4722560e-28   1.4791067e+10
   5.1101922e-28   1.5135595e+10
   4.7720764e-28   1.5488149e+10
   4.4563250e-28   1.5848914e+10
   4.1614589e-28   1.6218082e+10
   3.8860979e-28   1.6595850e+10
   3.6289516e-28   1.6982417e+10
   3.3888153e-28   1.7377988e+10
   3.1645646e-28   1.7782774e+10
   2.9551488e-28   1.8196988e+10
   2.7595870e-28   1.8620850e+10
   2.5769629e-28   1.9054585e+10
   2.4064206e-28   1.9498424e+10
   2.2471613e-28   1.9952600e+10
   2.0984386e-28   2.0417356e+10
   1.9595558e-28   2.0892937e+10
   1.8298620e-28   2.1379596e+10
   1.7087494e-28   2.1877591e+10
   1.5956505e-28   2.2387186e+10
   1.4900351e-28   2.2908650e+10
   1.3914081e-28   2.3442261e+10
   1.2993075e-28   2.3988302e+10
   1.2133013e-28   2.4547061e+10
   1.1329864e-28   2.5118835e+10
   1.0579865e-28   2.5703928e+10
   9.8794982e-29   2.6302650e+10
   9.2254807e-29   2.6915317e+10
   8.6147454e-29   2.7542255e+10
   8.0444294e-29   2.8183797e+10
   7.5118580e-29   2.8840282e+10
   7.0145348e-29   2.9512058e+10
   6.5501269e-29   3.0199482e+10
   6.1164568e-29   3.0902919e+10
   5.7114903e-29   3.1622740e+10
   5.3333285e-29   3.2359328e+10
   4.9801978e-29   3.3113074e+10
   4.6504419e-29   3.3884376e+10
   4.3425134e-29   3.4673645e+10
   4.0549688e-29   3.5481298e+10
   3.7864583e-29   3.6307763e+10
   3.5357230e-29   3.7153480e+10
   3.3015862e-29   3.8018895e+10
   3.0829495e-29   3.8904469e+10
   2.8787871e-29   3.9810671e+10
   2.6881411e-29   4.0737980e+10
   2.5101167e-29   4.1686890e+10
   2.3438787e-29   4.2657902e+10
   2.1886471e-29   4.3651532e+10
   2.0436932e-29   4.4668307e+10
   1.9083369e-29   4.5708766e+10
   1.7819428e-29   4.6773460e+10
   1.6639177e-29   4.7862953e+10
   1.5537076e-29   4.8977825e+10
   1.4507952e-29   5.0118665e+10
   1.3546975e-29   5.1286078e+10
   1.2649633e-29   5.2480685e+10
   1.1811713e-29   5.3703117e+10
   1.1029281e-29   5.4954023e+10
   1.0298664e-29   5.6234067e+10
   9.6164330e-30   5.7543926e+10
   8.9793828e-30   5.8884297e+10
   8.3845232e-30   6.0255888e+10
   7.8290594e-30   6.1659428e+10
   7.3103847e-30   6.3095660e+10
   6.8260622e-30   6.4565347e+10
   6.3738178e-30   6.6069267e+10
   5.9515275e-30   6.7608218e+10
   5.5572077e-30   6.9183016e+10
   5.1890063e-30   7.0794495e+10
   4.8451940e-30   7.2443511e+10
   4.5241554e-30   7.4130937e+10
   4.2243829e-30   7.5857668e+10
   3.9444678e-30   7.7624620e+10
   3.6830950e-30   7.9432730e+10
   3.4390372e-30   8.1282956e+10
   3.2111470e-30   8.3176279e+10
   2.9983541e-30   8.5113703e+10
   2.7996585e-30   8.7096256e+10
   2.6141264e-30   8.9124989e+10
   2.4408862e-30   9.1200976e+10
   2.2791235e-30   9.3325320e+10
   2.1280781e-30   9.5499146e+10
   1.9870404e-30   9.7723606e+10
   1.8553474e-30   9.9999882e+10
   1.7323802e-30   1.0232918e+11
   1.6175605e-30   1.0471273e+11
   1.5103491e-30   1.0715180e+11
   1.4102415e-30   1.0964769e+11
   1.3167674e-30   1.1220171e+11
   1.2294873e-30   1.1481523e+11
   1.1479910e-30   1.1748962e+11
   1.0718951e-30   1.2022630e+11
   1.0008420e-30   1.2302673e+11
   9.3449760e-31   1.2589239e+11
   8.7254980e-31   1.2882480e+11
   8.1470749e-31   1.3182552e+11
   7.6069860e-31   1.3489613e+11
   7.1026914e-31   1.3803826e+11
   6.6318189e-31   1.4125359e+11
   6.1921554e-31   1.4454380e+11
   5.7816313e-31   1.4791066e+11
   5.3983172e-31   1.5135594e+11
   5.0404098e-31   1.5488148e+11
   4.7062252e-31   1.5848913e+11
   4.3941911e-31   1.6218082e+11
   4.1028406e-31   1.6595849e+11
   3.8308026e-31   1.6982416e+11
   3.5767973e-31   1.7377988e+11
   3.3396298e-31   1.7782773e+11
   3.1181840e-31   1.8196987e+11
   2.9114181e-31   1.8620849e+11
   2.7183594e-31   1.9054584e+11
   2.5380990e-31   1.9498423e+11
   2.3697891e-31   1.9952599e+11
   2.2126375e-31   2.0417355e+11
   2.0659048e-31   2.0892936e+11
   1.9289001e-31   2.1379595e+11
   1.8009789e-31   2.1877590e+11
   1.6815390e-31   2.2387184e+11
   1.5700182e-31   2.2908649e+11
   1.4658918e-31   2.3442260e+11
   1.3686695e-31   2.3988300e+11
   1.2778934e-31   2.4547060e+11
   1.1931366e-31   2.5118834e+11
   1.1139999e-31   2.5703927e+11
   1.0401107e-31   2.6302648e+11
   9.7112114e-32   2.6915316e+11
   9.0670652e-32   2.7542254e+11
   8.4656341e-32   2.8183795e+11
   7.9040863e-32   2.8840280e+11
   7.3797788e-32   2.9512057e+11
   6.8902412e-32   3.0199481e+11
   6.4331691e-32   3.0902917e+11
   6.0064100e-32   3.1622738e+11
   5.6079538e-32   3.2359327e+11
   5.2359240e-32   3.3113072e+11
   4.8885686e-32   3.3884375e+11
   4.5642512e-32   3.4673643e+11
   4.2614441e-32   3.5481296e+11
   3.9787213e-32   3.6307761e+11
   3.7147511e-32   3.7153478e+11
   3.4682896e-32   3.8018893e+11
   3.2381760e-32   3.8904467e+11
   3.0233262e-32   3.9810669e+11
   2.8227281e-32   4.0737978e+11
   2.6354363e-32   4.1686888e+11
   2.4605687e-32   4.2657900e+11
   2.2973011e-32   4.3651530e+11
   2.1448642e-32   4.4668305e+11
   2.0025397e-32   4.5708763e+11
   1.8696570e-32   4.6773457e+11
   1.7455899e-32   4.7862951e+11
   1.6297536e-32   4.8977822e+11
   1.5216024e-32   5.0118662e+11
   1.4206262e-32   5.1286076e+11
   1.3263495e-32   5.2480682e+11
   1.2383278e-32   5.3703114e+11
   1.1561461e-32   5.4954020e+11
   1.0794171e-32   5.6234064e+11
   1.0077790e-32   5.7543923e+11
   9.4089426e-33   5.8884293e+11
   8.7844752e-33   6.0255885e+11
   8.2014432e-33   6.1659425e+11
   7.6570982e-33   6.3095657e+11
   7.1488740e-33   6.4565344e+11
   6.6743739e-33   6.6069264e+11
   6.2313609e-33   6.7608215e+11
   5.8177464e-33   6.9183012e+11
   5.4315792e-33   7.0794492e+11
   5.0710385e-33   7.2443507e+11
   4.7344247e-33   7.4130933e+11
   4.4201501e-33   7.5857664e+11
   4.1267320e-33   7.7624616e+11
   3.8527874e-33   7.9432726e+11
   3.5970234e-33   8.1282952e+11
   3.3582342e-33   8.3176275e+11
   3.1352936e-33   8.5113699e+11
   2.9271495e-33   8.7096252e+11
   2.7328203e-33   8.9124984e+11
   2.5513895e-33   9.1200971e+11
   2.3820010e-33   9.3325315e+11
   2.2238557e-33   9.5499141e+11
   2.0762075e-33   9.7723601e+11
   1.9383597e-33   9.9999876e+11
   1.8096622e-33   1.0232917e+12
   1.6895075e-33   1.0471273e+12
   1.5773290e-33   1.0715180e+12
   1.4725970e-33   1.0964768e+12
   1.3748174e-33   1.1220171e+12
   1.2835288e-33   1.1481522e+12
   1.1983005e-33   1.1748961e+12
   1.1187302e-33   1.2022629e+12
   1.0444423e-33   1.2302672e+12
   9.7508634e-34   1.2589239e+12
   9.1033488e-34   1.2882480e+12
   8.4988232e-34   1.3182551e+12
   7.9344335e-34   1.3489612e+12
   7.4075149e-34   1.3803825e+12
   6.9155807e-34   1.4125358e+12
   6.4563086e-34   1.4454380e+12
   6.0275305e-34   1.4791065e+12
   5.6272223e-34   1.5135594e+12
   5.2534936e-34   1.5488147e+12
   4.9045803e-34   1.5848912e+12
   4.5788352e-34   1.6218081e+12
   4.2747201e-34   1.6595848e+12
   3.9907992e-34   1.6982415e+12
   3.7257316e-34   1.7377987e+12
   3.4782660e-34   1.7782772e+12
   3.2472333e-34   1.8196986e+12
   3.0315430e-34   1.8620848e+12
   2.8301762e-34   1.9054583e+12
   2.6421818e-34   1.9498422e+12
   2.4666725e-34   1.9952598e+12
   2.3028189e-34   2.0417354e+12
   2.1498472e-34   2.0892935e+12
   2.0070349e-34   2.1379594e+12
   1.8737072e-34   2.1877589e+12
   1.7492348e-34   2.2387183e+12
   1.6330294e-34   2.2908648e+12
   1.5245419e-34   2.3442259e+12
   1.4232602e-34   2.3988299e+12
   1.3287055e-34   2.4547058e+12
   1.2404312e-34   2.5118833e+12
   1.1580204e-34   2.5703926e+12
   1.0810833e-34   2.6302647e+12
   1.0092569e-34   2.6915314e+12
   9.4220148e-35   2.7542252e+12
   8.7960032e-35   2.8183794e+12
   8.2115754e-35   2.8840279e+12
   7.6659698e-35   2.9512055e+12
   7.1566088e-35   3.0199479e+12
   6.6810846e-35   3.0902915e+12
   6.2371501e-35   3.1622737e+12
   5.8227074e-35   3.2359325e+12
   5.4357970e-35   3.3113070e+12
   5.0745913e-35   3.3884373e+12
   4.7373820e-35   3.4673641e+12
   4.4225757e-35   3.5481294e+12
   4.1286846e-35   3.6307760e+12
   3.8543188e-35   3.7153476e+12
   3.5981819e-35   3.8018892e+12
   3.3590629e-35   3.8904465e+12
   3.1358312e-35   3.9810667e+12
   2.9274318e-35   4.0737976e+12
   2.7328789e-35   4.1686886e+12
   2.5512532e-35   4.2657898e+12
   2.3816958e-35   4.3651528e+12
   2.2234047e-35   4.4668303e+12
   2.0756317e-35   4.5708761e+12
   1.9376780e-35   4.6773455e+12
   1.8088914e-35   4.7862948e+12
   1.6886626e-35   4.8977820e+12
   1.5764233e-35   5.0118660e+12
   1.4716426e-35   5.1286073e+12
   1.3738249e-35   5.2480679e+12
   1.2825077e-35   5.3703111e+12
   1.1972589e-35   5.4954017e+12
   1.1176756e-35   5.6234061e+12
   1.0433812e-35   5.7543920e+12
   9.7402420e-36   5.8884290e+12
   9.0927674e-36   6.0255882e+12
   8.4883241e-36   6.1659422e+12
   7.9240530e-36   6.3095654e+12
   7.3972846e-36   6.4565340e+12
   6.9055271e-36   6.6069260e+12
   6.4464544e-36   6.7608211e+12
   6.0178940e-36   6.9183009e+12
   5.6178184e-36   7.0794488e+12
   5.2443349e-36   7.2443503e+12
   4.8956764e-36   7.4130929e+12
   4.5701931e-36   7.5857660e+12
   4.2663446e-36   7.7624612e+12
   3.9826935e-36   7.9432722e+12
   3.7178973e-36   8.1282947e+12
   3.4707027e-36   8.3176270e+12
   3.2399405e-36   8.5113695e+12
   3.0245181e-36   8.7096247e+12
   2.8234165e-36   8.9124979e+12
   2.6356834e-36   9.1200967e+12
   2.4604304e-36   9.3325310e+12
   2.2968282e-36   9.5499136e+12
   2.1441022e-36   9.7723596e+12
   2.0015295e-36   9.9999871e+12
   1.8684355e-36   1.0232917e+13
   1.7441900e-36   1.0471272e+13
   1.6282048e-36   1.0715179e+13
   1.5199307e-36   1.0964768e+13
   1.4188555e-36   1.1220170e+13
   1.3245003e-36   1.1481521e+13
   1.2364187e-36   1.1748960e+13
   1.1541934e-36   1.2022629e+13
   1.0774354e-36   1.2302672e+13
   1.0057810e-36   1.2589238e+13
   9.3889105e-37   1.2882479e+13
   8.7644874e-37   1.3182550e+13
   8.1815849e-37   1.3489611e+13
   7.6374416e-37   1.3803825e+13
   7.1294815e-37   1.4125357e+13
   6.6552987e-37   1.4454379e+13
   6.2126475e-37   1.4791065e+13
   5.7994322e-37   1.5135593e+13
   5.4136953e-37   1.5488146e+13
   5.0536100e-37   1.5848911e+13
   4.7174706e-37   1.6218080e+13
   4.4036851e-37   1.6595848e+13
   4.1107676e-37   1.6982414e+13
   3.8373296e-37   1.7377986e+13
   3.5820769e-37   1.7782771e+13
   3.3437997e-37   1.8196985e+13
   3.1213697e-37   1.8620847e+13
   2.9137329e-37   1.9054582e+13
   2.7199055e-37   1.9498421e+13
   2.5389696e-37   1.9952597e+13
   2.3700679e-37   2.0417353e+13
   2.2123998e-37   2.0892934e+13
   2.0652187e-37   2.1379593e+13
   1.9278271e-37   2.1877588e+13
   1.7995737e-37   2.2387182e+13
   1.6798512e-37   2.2908647e+13
   1.5680921e-37   2.3442258e+13
   1.4637669e-37   2.3988298e+13
   1.3663811e-37   2.4547057e+13
   1.2754733e-37   2.5118831e+13
   1.1906126e-37   2.5703924e+13
   1.1113968e-37   2.6302646e+13
   1.0374506e-37   2.6915313e+13
   9.6842347e-38   2.7542251e+13
   9.0398818e-38   2.8183792e+13
   8.4383940e-38   2.8840277e+13
   7.8769195e-38   2.9512054e+13
   7.3527980e-38   3.0199478e+13
   6.8635447e-38   3.0902914e+13
   6.4068397e-38   3.1622735e+13
   5.9805188e-38   3.2359323e+13
   5.5825606e-38   3.3113069e+13
   5.2110787e-38   3.3884371e+13
   4.8643117e-38   3.4673639e+13
   4.5406159e-38   3.5481292e+13
   4.2384567e-38   3.6307758e+13
   3.9564011e-38   3.7153474e+13
   3.6931120e-38   3.8018890e+13
   3.4473408e-38   3.8904463e+13
   3.2179225e-38   3.9810665e+13
   3.0037690e-38   4.0737974e+13
   2.8038648e-38   4.1686883e+13
   2.6172620e-38   4.2657896e+13
   2.4430759e-38   4.3651526e+13
   2.2804803e-38   4.4668300e+13
   2.1287039e-38   4.5708759e+13
   1.9870272e-38   4.6773452e+13
   1.8547780e-38   4.7862946e+13
   1.7313293e-38   4.8977817e+13
   1.6160957e-38   5.0118657e+13
   1.5085302e-38   5.1286071e+13
   1.4081229e-38   5.2480677e+13
   1.3143975e-38   5.3703109e+13
   1.2269094e-38   5.4954015e+13
   1.1452435e-38   5.6234058e+13
   1.0690126e-38   5.7543917e+13
   9.9785497e-39   5.8884287e+13
   9.3143300e-39   6.0255879e+13
   8.6943157e-39   6.1659418e+13
   8.1155668e-39   6.3095651e+13
   7.5753354e-39   6.4565337e+13
   7.0710600e-39   6.6069257e+13
   6.6003456e-39   6.7608208e+13
   6.1609628e-39   6.9183005e+13
   5.7508238e-39   7.0794484e+13
   5.3679821e-39   7.2443500e+13
   5.0106229e-39   7.4130925e+13
   4.6770508e-39   7.5857656e+13
   4.3656809e-39   7.7624608e+13
   4.0750362e-39   7.9432718e+13
   3.8037378e-39   8.1282943e+13
   3.5504979e-39   8.3176266e+13
   3.3141157e-39   8.5113690e+13
   3.0934687e-39   8.7096243e+13
   2.8875086e-39   8.9124975e+13
   2.6952589e-39   9.1200962e+13
   2.5158072e-39   9.3325305e+13
   2.3483002e-39   9.5499131e+13
   2.1919461e-39   9.7723591e+13
   2.0459995e-39   9.9999866e+13
   1.9097680e-39   1.0232916e+14
   1.7826072e-39   1.0471271e+14
   1.6639116e-39   1.0715179e+14
   1.5531179e-39   1.0964767e+14
   1.4496993e-39   1.1220170e+14
   1.3531667e-39   1.1481521e+14
   1.2630618e-39   1.1748960e+14
   1.1789544e-39   1.2022628e+14
   1.1004481e-39   1.2302671e+14
   1.0271672e-39   1.2589237e+14
   9.5876701e-40   1.2882478e+14
   8.9491965e-40   1.3182550e+14
   8.3532382e-40   1.3489611e+14
   7.7969508e-40   1.3803824e+14
   7.2777136e-40   1.4125356e+14
   6.7930465e-40   1.4454378e+14
   6.3406513e-40   1.4791064e+14
   5.9183841e-40   1.5135592e+14
   5.5242268e-40   1.5488145e+14
   5.1563159e-40   1.5848911e+14
   4.8128997e-40   1.6218079e+14
   4.4923667e-40   1.6595847e+14
   4.1931614e-40   1.6982414e+14
   3.9138827e-40   1.7377985e+14
   3.6532131e-40   1.7782770e+14
   3.4098917e-40   1.8196984e+14
   3.1827832e-40   1.8620846e+14
   2.9707808e-40   1.9054581e+14
   2.7729174e-40   1.9498420e+14
   2.5882123e-40   1.9952596e+14
   2.4158245e-40   2.0417352e+14
   2.2548994e-40   2.0892933e+14
   2.1047083e-40   2.1379592e+14
   1.9645083e-40   2.1877587e+14
   1.8336551e-40   2.2387181e+14
   1.7115039e-40   2.2908645e+14
   1.5975083e-40   2.3442256e+14
   1.4910937e-40   2.3988297e+14
   1.3917556e-40   2.4547056e+14
   1.2990457e-40   2.5118830e+14
   1.2125155e-40   2.5703923e+14
   1.1317307e-40   2.6302644e+14
   1.0563408e-40   2.6915311e+14
   9.8596761e-41   2.7542250e+14
   9.2028875e-41   2.8183791e+14
   8.5898195e-41   2.8840276e+14
   8.0175292e-41   2.9512052e+14
   7.4833542e-41   3.0199476e+14
   6.9847722e-41   3.0902912e+14
   6.5195411e-41   3.1622733e+14
   6.0851386e-41   3.2359322e+14
   5.6797429e-41   3.3113067e+14
   5.3012522e-41   3.3884369e+14
   4.9481250e-41   3.4673638e+14
   4.6183995e-41   3.5481290e+14
   4.3106743e-41   3.6307756e+14
   4.0235483e-41   3.7153472e+14
   3.7554799e-41   3.8018888e+14
   3.5052080e-41   3.8904461e+14
   3.2716115e-41   3.9810663e+14
   3.0537096e-41   4.0737972e+14
   2.8502411e-41   4.1686881e+14
   2.6602250e-41   4.2657893e+14
   2.4829607e-41   4.3651523e+14
   2.3176075e-41   4.4668298e+14
   2.1631844e-41   4.5708756e+14
   2.0189908e-41   4.6773450e+14
   1.8844662e-41   4.7862944e+14
   1.7589098e-41   4.8977815e+14
   1.6416212e-41   5.0118654e+14
   1.5323199e-41   5.1286068e+14
   1.4301652e-41   5.2480674e+14
   1.3348769e-41   5.3703106e+14
   1.2458945e-41   5.4954012e+14
   1.1627975e-41   5.6234055e+14
   1.0853057e-41   5.7543914e+14
   1.0129987e-41   5.8884284e+14
   9.4545607e-42   6.0255876e+14
   8.8253777e-42   6.1659415e+14
   8.2368324e-42   6.3095647e+14
   7.6875234e-42   6.4565334e+14
   7.1760494e-42   6.6069254e+14
   6.6968054e-42   6.7608204e+14
   6.2511924e-42   6.9183002e+14
   5.8350068e-42   7.0794481e+14
   5.4454458e-42   7.2443496e+14
   5.0825095e-42   7.4130922e+14
   4.7433953e-42   7.5857653e+14
   4.4281031e-42   7.7624604e+14
   4.1324292e-42   7.9432714e+14
   3.8563734e-42   8.1282939e+14
   3.5999358e-42   8.3176262e+14
   3.3603137e-42   8.5113686e+14
   3.1361060e-42   8.7096238e+14
   2.9273125e-42   8.9124970e+14
   2.7325320e-42   9.1200957e+14
   2.5503632e-42   9.3325301e+14
   2.3794048e-42   9.5499126e+14
   2.2210581e-42   9.7723586e+14
   2.0725204e-42   9.9999861e+14
   1.9351932e-42   1.0232916e+15
   1.8062737e-42   1.0471271e+15
   1.6857621e-42   1.0715178e+15
   1.5736582e-42   1.0964767e+15
   1.4685608e-42   1.1220169e+15
   1.3704699e-42   1.1481520e+15
   1.2793855e-42   1.1748959e+15
   1.1939063e-42   1.2022628e+15
   1.1140323e-42   1.2302671e+15
   1.0397635e-42   1.2589237e+15
   9.7109984e-43   1.2882478e+15
   9.0523881e-43   1.3182549e+15
   8.4498297e-43   1.3489610e+15
   7.8893104e-43   1.3803823e+15
   7.3708299e-43   1.4125356e+15
   6.8803755e-43   1.4454378e+15
   6.4179470e-43   1.4791063e+15
   5.9835444e-43   1.5135591e+15
   5.5911809e-43   1.5488145e+15
   5.2128303e-43   1.5848910e+15
   4.8625057e-43   1.6218078e+15
   4.5402070e-43   1.6595846e+15
   4.2459343e-43   1.6982413e+15
   3.9516617e-43   1.7377984e+15
   3.6994279e-43   1.7782769e+15
   3.4471942e-43   1.8196983e+15
   3.2229865e-43   1.8620845e+15
   2.9987787e-43   1.9054580e+15
   2.8025969e-43   1.9498419e+15
   2.6204281e-43   1.9952595e+15
   2.4382593e-43   2.0417351e+15
   2.2841165e-43   2.0892932e+15
   2.1299737e-43   2.1379591e+15
   1.9898438e-43   2.1877585e+15
   1.8497140e-43   2.2387180e+15
   1.7235971e-43   2.2908644e+15
   1.6114932e-43   2.3442255e+15
   1.4993894e-43   2.3988295e+15
   1.4012985e-43   2.4547055e+15
   1.3172206e-43   2.5118829e+15
   1.2191297e-43   2.5703922e+15
   1.1490647e-43   2.6302643e+15
   1.0649868e-43   2.6915310e+15
   9.9492191e-44   2.7542248e+15
   9.2485699e-44   2.8183789e+15
   8.6880505e-44   2.8840274e+15
   8.1275311e-44   2.9512051e+15
   7.5670117e-44   3.0199474e+15
   7.0064923e-44   3.0902911e+15
   6.5861028e-44   3.1622732e+15
   6.1657132e-44   3.2359320e+15
   5.7453237e-44   3.3113065e+15
   5.3249342e-44   3.3884368e+15
   5.0446745e-44   3.4673636e+15
   4.6242849e-44   3.5481289e+15
   4.3440252e-44   3.6307754e+15
   4.0637655e-44   3.7153470e+15
   3.7835059e-44   3.8018886e+15
   3.5032462e-44   3.8904459e+15
   3.3631163e-44   3.9810661e+15
   3.0828566e-44   4.0737970e+15
   2.9427268e-44   4.1686879e+15
   2.6624671e-44   4.2657891e+15
   2.5223372e-44   4.3651521e+15
   2.3822074e-44   4.4668296e+15
   2.2420775e-44   4.5708754e+15
   2.1019477e-44   4.6773448e+15
   1.9618179e-44   4.7862941e+15
   1.8216880e-44   4.8977812e+15
   1.6815582e-44   5.0118652e+15
   1.5414283e-44   5.1286065e+15
   1.4012985e-44   5.2480671e+15
   1.4012985e-44   5.3703103e+15
   1.2611686e-44   5.4954009e+15
   1.1210388e-44   5.6234052e+15
   1.1210388e-44   5.7543912e+15
   9.8090893e-45   5.8884281e+15
   9.8090893e-45   6.0255872e+15
   8.4077908e-45   6.1659412e+15
   8.4077908e-45   6.3095644e+15
   8.4077908e-45   6.4565330e+15
   7.0064923e-45   6.6069250e+15
   7.0064923e-45   6.7608201e+15
   5.6051939e-45   6.9182998e+15
   5.6051939e-45   7.0794477e+15
   5.6051939e-45   7.2443492e+15
   5.6051939e-45   7.4130918e+15
   4.2038954e-45   7.5857649e+15
   4.2038954e-45   7.7624600e+15
   4.2038954e-45   7.9432709e+15
   4.2038954e-45   8.1282935e+15
   4.2038954e-45   8.3176258e+15
   2.8025969e-45   8.5113681e+15
   2.8025969e-45   8.7096234e+15
   2.8025969e-45   8.9124966e+15
   2.8025969e-45   9.1200953e+15
   2.8025969e-45   9.3325296e+15
   2.8025969e-45   9.5499121e+15
   2.8025969e-45   9.7723581e+15
   1.4012985e-45   9.9999856e+15
   1.4012985e-45   1.0232915e+16
   1.4012985e-45   1.0471270e+16
   1.4012985e-45   1.0715178e+16
   1.4012985e-45   1.0964766e+16
   1.4012985e-45   1.1220168e+16
   1.4012985e-45   1.1481520e+16
   1.4012985e-45   1.1748959e+16
   1.4012985e-45   1.2022627e+16
   1.4012985e-45   1.2302670e+16
   1.4012985e-45   1.2589236e+16
   1.4012985e-45   1.2882477e+16
   1.4012985e-45   1.3182548e+16
   1.4012985e-45   1.3489609e+16
   1.4012985e-45   1.3803823e+16
   1.4012985e-45   1.4125355e+16
       0.0000000   1.4454377e+16
       0.0000000   1.4791062e+16
       0.0000000   1.5135591e+16
       0.0000000   1.5488144e+16
       0.0000000   1.5848909e+16
       0.0000000   1.6218077e+16
       0.0000000   1.6595845e+16
       0.0000000   1.6982412e+16
       0.0000000   1.7377983e+16
       0.0000000   1.7782768e+16
       0.0000000   1.8196982e+16
       0.0000000   1.8620844e+16
       0.0000000   1.9054579e+16
       0.0000000   1.9498418e+16
       0.0000000   1.9952594e+16
       0.0000000   2.0417350e+16
       0.0000000   2.0892931e+16
       0.0000000   2.1379590e+16
       0.0000000   2.1877584e+16
       0.0000000   2.2387179e+16
       0.0000000   2.2908643e+16
       0.0000000   2.3442254e+16
       0.0000000   2.3988294e+16
       0.0000000   2.4547053e+16
       0.0000000   2.5118828e+16
       0.0000000   2.5703920e+16
       0.0000000   2.6302641e+16
       0.0000000   2.6915309e+16
       0.0000000   2.7542247e+16
       0.0000000   2.8183788e+16
       0.0000000   2.8840273e+16
       0.0000000   2.9512049e+16
       0.0000000   3.0199473e+16
       0.0000000   3.0902909e+16
       0.0000000   3.1622730e+16
       0.0000000   3.2359318e+16
       0.0000000   3.3113064e+16
       0.0000000   3.3884366e+16
       0.0000000   3.4673634e+16
       0.0000000   3.5481287e+16
       0.0000000   3.6307752e+16
       0.0000000   3.7153468e+16
       0.0000000   3.8018884e+16
       0.0000000   3.8904457e+16
       0.0000000   3.9810658e+16
       0.0000000   4.0737968e+16
       0.0000000   4.1686877e+16
       0.0000000   4.2657889e+16
       0.0000000   4.3651519e+16
       0.0000000   4.4668293e+16
       0.0000000   4.5708752e+16
       0.0000000   4.6773445e+16
       0.0000000   4.7862939e+16
       0.0000000   4.8977810e+16
       0.0000000   5.0118649e+16
       0.0000000   5.1286063e+16
       0.0000000   5.2480668e+16
       0.0000000   5.3703100e+16
       0.0000000   5.4954006e+16
       0.0000000   5.6234049e+16
       0.0000000   5.7543909e+16
       0.0000000   5.8884278e+16
       0.0000000   6.0255869e+16
       0.0000000   6.1659409e+16
       0.0000000   6.3095641e+16
       0.0000000   6.4565327e+16
       0.0000000   6.6069247e+16
       0.0000000   6.7608197e+16
       0.0000000   6.9182994e+16
       0.0000000   7.0794473e+16
       0.0000000   7.2443488e+16
       0.0000000   7.4130914e+16
       0.0000000   7.5857645e+16
       0.0000000   7.7624596e+16
       0.0000000   7.9432705e+16
       0.0000000   8.1282931e+16
       0.0000000   8.3176253e+16
       0.0000000   8.5113677e+16
       0.0000000   8.7096229e+16
       0.0000000   8.9124961e+16
       0.0000000   9.1200948e+16
       0.0000000   9.3325291e+16
       0.0000000   9.5499116e+16
       0.0000000   9.7723576e+16
       0.0000000   9.9999851e+16
       0.0000000   1.0232915e+17
       0.0000000   1.0471270e+17
       0.0000000   1.0715177e+17
       0.0000000   1.0964766e+17
       0.0000000   1.1220168e+17
       0.0000000   1.1481519e+17
       0.0000000   1.1748958e+17
       0.0000000   1.2022626e+17
       0.0000000   1.2302669e+17
       0.0000000   1.2589235e+17
       0.0000000   1.2882476e+17
       0.0000000   1.3182548e+17
       0.0000000   1.3489609e+17
       0.0000000   1.3803822e+17
       0.0000000   1.4125354e+17
       0.0000000   1.4454376e+17
       0.0000000   1.4791062e+17
       0.0000000   1.5135590e+17
       0.0000000   1.5488143e+17
       0.0000000   1.5848908e+17
       0.0000000   1.6218077e+17
       0.0000000   1.6595844e+17
       0.0000000   1.6982411e+17
       0.0000000   1.7377982e+17
       0.0000000   1.7782767e+17
       0.0000000   1.8196981e+17
       0.0000000   1.8620843e+17
       0.0000000   1.9054578e+17
       0.0000000   1.9498417e+17
       0.0000000   1.9952593e+17
       0.0000000   2.0417349e+17
       0.0000000   2.0892930e+17
       0.0000000   2.1379589e+17
       0.0000000   2.1877583e+17
       0.0000000   2.2387178e+17
       0.0000000   2.2908642e+17
       0.0000000   2.3442253e+17
       0.0000000   2.3988293e+17
       0.0000000   2.4547052e+17
       0.0000000   2.5118826e+17
       0.0000000   2.5703919e+17
       0.0000000   2.6302640e+17
       0.0000000   2.6915307e+17
       0.0000000   2.7542245e+17
       0.0000000   2.8183787e+17
       0.0000000   2.8840271e+17
       0.0000000   2.9512048e+17
       0.0000000   3.0199471e+17
       0.0000000   3.0902907e+17
       0.0000000   3.1622729e+17
       0.0000000   3.2359317e+17
       0.0000000   3.3113062e+17
       0.0000000   3.3884364e+17
       0.0000000   3.4673632e+17
       0.0000000   3.5481285e+17
       0.0000000   3.6307750e+17
       0.0000000   3.7153466e+17
       0.0000000   3.8018882e+17
       0.0000000   3.8904455e+17
       0.0000000   3.9810656e+17
       0.0000000   4.0737966e+17
       0.0000000   4.1686875e+17
       0.0000000   4.2657887e+17
       0.0000000   4.3651517e+17
       0.0000000   4.4668291e+17
       0.0000000   4.5708749e+17
       0.0000000   4.6773443e+17
       0.0000000   4.7862936e+17
       0.0000000   4.8977807e+17
       0.0000000   5.0118647e+17
       0.0000000   5.1286060e+17
       0.0000000   5.2480666e+17
       0.0000000   5.3703097e+17
       0.0000000   5.4954003e+17
       0.0000000   5.6234046e+17
       0.0000000   5.7543906e+17
       0.0000000   5.8884275e+17
       0.0000000   6.0255866e+17
       0.0000000   6.1659406e+17
       0.0000000   6.3095638e+17
       0.0000000   6.4565324e+17
       0.0000000   6.6069243e+17
       0.0000000   6.7608194e+17
       0.0000000   6.9182991e+17
       0.0000000   7.0794470e+17
       0.0000000   7.2443485e+17
       0.0000000   7.4130910e+17
       0.0000000   7.5857641e+17
       0.0000000   7.7624592e+17
       0.0000000   7.9432701e+17
       0.0000000   8.1282926e+17
       0.0000000   8.3176249e+17
       0.0000000   8.5113673e+17
       0.0000000   8.7096225e+17
       0.0000000   8.9124956e+17
       0.0000000   9.1200943e+17
       0.0000000   9.3325286e+17
       0.0000000   9.5499111e+17
       0.0000000   9.7723571e+17
       0.0000000   9.9999846e+17
